-5
0
-3
-3
0
-7
-1
0
0
5
2
-3
-2
-2
-3
0
0
-2
-1
-4
-7
-1
2
8
4
-1
-2
0
4
3
0
-7
-12
-5
0
1
3
0
7
7
0
2
8
10
6
5
1
-4
0
1
-1
-3
2
4
-1
0
0
1
4
0
-2
0
-5
1
3
-2
-5
-5
-2
-3
-7
-10
-4
0
4
5
0
0
8
2
0
5
-3
-3
-1
-4
-1
2
2
-1
-2
-2
0
1
-6
-4
-2
-1
5
7
1
-4
-2
1
-5
0
0
-1
5
0
2
7
-1
-2
-2
-2
0
0
2
-1
-5
0
0
-3
-4
-2
0
-3
3
2
5
8
5
6
1
0
1
-1
0
2
0
1
-3
-1
-4
-1
0
-4
1
1
1
3
-1
-2
0
0
1
-6
-6
0
0
-1
-3
-1
5
4
7
6
1
0
0
1
3
-2
1
10
5
1
4
1
2
4
1
4
1
2
2
2
2
-1
-1
5
2
0
5
3
0
-2
3
5
5
3
-6
-9
0
-2
-4
-3
-3
1
-8
-13
-6
-3
-3
-10
-4
2
-7
-14
-5
0
0
1
-1
5
2
-6
-7
0
-1
0
0
-5
0
4
1
-3
1
1
-7
-4
2
0
-8
-7
0
-2
-5
-5
-4
1
2
-6
-4
0
-3
0
1
1
5
1
3
4
1
3
2
-2
-5
-2
-2
0
4
2
3
6
1
-3
0
5
0
-5
-4
-6
-6
2
5
-1
2
5
1
0
5
6
-1
3
16
12
2
1
1
-2
4
7
-1
0
0
-3
4
3
0
4
3
6
6
2
1
4
5
5
8
0
-6
-1
0
0
0
0
0
0
0
-3
2
3
-3
4
5
-2
-1
2
-1
-2
-1
-6
-8
0
5
0
-4
-5
-3
-3
-1
0
0
3
3
-3
-3
0
-2
-5
-5
-1
-8
-10
-5
-7
-10
-8
-7
-2
0
3
0
-3
-7
-9
-9
-4
2
0
0
3
-2
-1
2
-12
-8
1
-1
1
0
-5
-2
1
5
4
-2
-7
1
9
7
3
2
9
5
1
5
-2
-6
5
10
4
0
4
8
5
2
0
-5
-5
5
13
9
2
2
0
1
5
1
-1
3
8
9
2
-1
3
8
11
12
11
9
5
3
10
9
0
-1
4
6
2
0
-1
-6
-5
2
0
-3
-2
0
1
-2
1
4
-1
-1
0
-3
0
-5
-6
1
6
0
-5
-2
-3
-7
-12
-13
-13
-6
-1
2
-2
-2
-2
-8
-4
1
-2
-8
0
-1
-11
-7
-6
-12
0
0
-7
-3
-5
-6
-3
-2
-6
-5
0
0
0
-2
-5
0
-2
-1
1
-2
-4
0
-3
1
5
-2
-12
-7
6
9
-4
-6
2
5
3
1
0
-4
-7
-3
-1
-1
1
1
2
10
6
1
6
1
-10
-3
1
0
2
1
3
5
8
10
9
10
8
4
1
-5
-3
7
0
-5
1
6
8
5
1
5
6
5
5
4
0
1
0
-4
-4
1
5
4
6
9
5
-1
0
4
13
8
0
1
2
0
0
0
-2
-8
-5
6
8
-1
-3
-1
0
-2
1
5
-2
0
3
-6
-4
1
-3
2
5
1
4
8
6
6
11
5
-2
1
2
-7
-4
3
0
-9
-3
0
-4
-1
-1
-6
-4
-6
-9
-10
-7
-2
-4
-3
-1
-1
3
3
-3
-6
1
1
-4
-3
3
5
4
7
0
-5
-4
-6
-7
-2
0
0
6
3
-3
-1
0
-3
1
-3
-2
0
-5
-4
-2
-5
0
2
-8
-12
-6
-2
0
0
1
3
-1
0
3
3
-3
-4
-2
-2
0
10
7
0
7
7
1
0
0
-1
-3
0
2
-5
-13
-7
0
-3
-5
0
1
-1
-3
-1
8
8
0
-2
4
9
7
7
5
0
4
6
0
2
0
-3
3
5
4
1
-2
-5
1
-2
-10
-6
-2
-2
0
2
1
0
3
0
3
4
-2
0
1
0
-2
-1
3
0
-1
3
-1
-2
-3
0
5
1
-1
1
2
2
3
1
0
1
2
0
-3
1
7
4
-3
-4
-2
-10
-12
-5
-5
-8
-8
-6
3
6
0
-3
0
-1
-5
0
4
0
2
7
4
5
4
2
9
8
1
-2
0
3
4
7
2
-3
-1
4
-2
-10
-6
-3
-4
-7
-11
-3
1
4
6
5
3
2
-1
-7
-12
-5
-6
-10
-8
-6
-1
-1
-2
3
1
3
10
10
6
1
0
2
5
3
-1
2
1
-3
0
-2
1
8
0
-5
-2
1
-6
-5
0
-6
-6
-3
1
3
0
-1
4
4
-3
0
1
-5
0
4
1
2
1
-1
4
5
5
0
-6
-3
5
6
8
1
2
9
0
-2
7
-1
1
3
-3
0
0
-5
1
4
5
0
-4
2
1
0
0
-6
-9
-3
1
-4
-4
-1
-3
1
2
-1
-5
0
1
-2
4
3
-2
4
5
9
4
-9
-2
-6
-9
-7
-8
-9
-3
0
3
-4
-2
2
-1
-4
-3
-2
1
3
2
6
1
1
1
5
1
0
6
4
4
1
-7
-8
-2
-4
-8
-9
-13
-6
-2
0
1
0
1
2
2
0
6
9
2
-1
-3
1
1
1
0
-3
0
1
0
3
0
-1
2
0
-1
2
0
-1
-3
2
4
0
-6
0
7
10
5
4
6
0
0
2
0
2
0
0
4
2
3
8
6
4
5
4
1
0
4
4
-1
-7
1
4
1
5
-4
-4
2
-4
3
2
-5
2
-1
0
1
-7
-2
0
0
5
1
3
8
4
3
1
-4
-7
-1
3
-1
-2
-5
-2
-2
-7
-9
-11
-11
-6
-7
-7
-1
0
-2
1
2
7
7
8
10
2
1
-1
-2
-1
4
4
3
0
-3
3
2
-7
0
-3
-3
-5
-3
3
1
-2
-4
-7
-4
-3
-1
0
-4
-7
0
-1
-2
1
0
-5
0
4
-1
-5
3
10
0
0
11
2
0
5
4
9
-3
-2
12
-1
-6
-2
0
2
-4
-5
-2
-5
-3
-5
-5
-7
-9
-9
-5
-6
-5
1
1
6
5
0
9
17
8
7
14
12
9
11
11
9
-4
-7
-1
-2
-2
-2
-6
-9
-8
-10
-9
-5
-2
-4
-8
-1
3
0
3
-1
-3
4
4
2
1
0
1
5
9
2
0
-6
-5
1
0
4
2
-2
1
3
1
6
3
6
9
0
1
-2
-6
-1
0
2
0
-4
1
1
0
-4
-9
-10
-11
-6
-1
0
-2
-5
-7
-6
-3
-5
0
9
11
1
-1
0
0
8
12
13
10
7
9
4
-2
-1
9
11
1
0
9
15
7
1
2
-4
-8
-6
-2
-3
-8
-1
-10
-12
-9
-11
-5
-5
-5
-5
-9
-5
-6
-16
-15
-8
-4
5
11
6
3
-1
3
9
6
2
4
7
3
1
5
7
4
11
8
3
9
2
-1
4
3
-1
-2
-1
0
-3
0
-3
-1
1
0
-3
-13
-11
-4
-10
-15
-14
-6
0
3
3
1
-3
0
9
14
2
-2
0
-1
-2
2
1
0
9
6
0
0
-3
-7
-1
0
2
6
0
1
1
-1
4
5
1
0
1
3
-2
-8
1
10
4
0
-2
-6
-7
1
7
0
-5
1
-1
-3
-3
-2
0
-3
1
1
-7
3
10
5
0
-1
7
3
0
-1
-4
-7
1
2
1
-2
-1
0
1
6
2
1
3
4
0
0
-2
-3
-6
-4
0
-5
-13
-6
1
2
5
2
0
1
1
-1
0
-2
-4
-3
-4
-2
3
-1
-2
3
3
1
2
-2
-3
-2
-2
-3
-8
-4
1
0
-3
-1
-4
-2
3
-2
-4
-1
-6
-6
-2
0
2
2
8
9
5
7
11
10
6
1
-5
-4
3
2
0
1
0
1
-1
1
1
-1
-1
-4
1
6
0
-3
4
5
-1
1
3
-2
-8
-2
0
3
0
-3
2
0
0
4
1
4
4
-1
1
7
0
-4
11
10
-5
-1
0
-1
0
-3
-5
-4
0
0
-8
-5
-1
-5
1
0
-8
-2
3
4
0
-4
-2
-3
-1
0
-1
0
4
5
4
-1
-5
2
1
-2
4
3
0
2
7
4
0
3
0
-4
-2
-1
-2
-6
-2
0
5
2
0
-4
1
4
-5
-5
1
-2
-7
-1
1
-3
-4
1
0
2
1
-5
-10
-10
-7
0
-1
-1
2
0
4
6
0
2
5
1
0
0
0
0
2
5
4
2
4
5
7
8
1
-9
-6
0
0
1
2
0
5
1
-4
-2
-3
-1
3
-2
-7
-5
-7
-9
-6
-2
-1
-5
0
8
0
0
2
-3
0
2
-1
-1
4
7
5
4
7
2
-1
2
6
-1
-4
-5
-1
3
4
11
5
1
4
0
-2
-1
0
0
0
0
2
1
2
-2
-6
-2
-2
-5
0
4
-3
1
0
-3
0
1
0
2
-6
-3
0
-11
-10
-1
3
5
1
2
-4
-9
-5
-11
-9
2
5
-3
-4
3
1
0
0
1
6
11
7
-4
-4
7
1
0
9
9
6
8
4
0
-3
0
3
0
0
-2
-2
-4
-7
-6
-5
2
5
0
-8
-6
-9
-8
-1
-4
-7
-3
0
4
-1
-9
-8
-8
-2
3
-1
5
8
3
4
5
7
7
5
7
8
0
-4
3
7
2
6
4
3
6
5
3
-4
-3
4
3
3
1
-1
-1
1
-1
0
4
0
0
6
8
4
-4
-4
1
-3
-2
-4
-2
-3
-5
0
0
1
2
-4
1
0
-5
-6
-8
-4
-9
-12
-5
-5
-7
-1
0
-3
-2
0
0
2
10
0
-7
0
0
-5
0
1
5
4
-4
10
11
-2
3
8
8
10
4
4
7
2
0
0
3
0
-3
-7
-7
-2
-8
-9
-7
-8
-5
-5
-10
-8
-5
-3
-4
0
0
0
6
0
-7
-4
2
0
-9
-9
0
3
-4
-1
3
0
3
2
4
13
7
1
5
4
4
0
0
7
6
9
13
8
2
2
10
7
1
5
4
6
5
8
12
1
-2
5
4
1
1
-2
-3
1
3
0
-6
0
4
1
-5
0
5
-1
-7
-2
3
-5
-9
0
-1
-4
-6
-1
4
-9
-17
-5
0
-4
-5
0
2
-2
-5
-2
1
1
-1
0
9
0
-5
6
-3
-8
0
-1
3
4
-4
-4
-1
-3
-4
-2
-2
-1
-3
-3
-2
-7
-3
0
-4
3
1
-13
-4
3
-3
-12
-5
0
0
-4
-4
0
2
1
0
3
0
-9
-7
-5
-2
0
-1
6
4
5
7
6
10
0
-1
6
-2
-3
5
-2
1
6
3
9
9
7
10
5
8
7
1
10
3
-6
0
0
-6
2
6
0
0
3
2
7
9
8
0
-3
0
-4
-9
-11
-11
-7
-5
-7
-3
0
-1
4
11
5
8
16
11
0
-5
-9
-2
3
0
-2
-7
-4
3
4
-2
-4
-3
-7
-4
0
1
2
0
2
5
-1
-2
-1
-2
-2
0
-1
-4
-8
2
3
-7
-11
-4
-1
-1
-2
-6
-1
-3
-5
-1
2
-6
-16
-7
-1
-11
-17
-9
-3
-3
1
1
2
13
13
6
4
1
3
6
-1
0
6
10
5
-1
0
7
12
6
5
7
3
13
13
6
5
0
-1
7
7
0
5
6
0
0
0
6
3
0
7
3
2
8
-2
-7
-7
-14
-11
-9
-11
-4
-6
-3
1
-1
-8
-6
0
-2
4
8
-1
-9
-10
-7
-1
0
-4
-5
-10
-4
-1
-5
-2
0
3
7
6
6
3
-1
-6
-6
-4
-6
-4
-7
-5
1
-1
-2
1
4
8
6
4
3
1
-1
0
0
-5
-2
2
-1
3
4
-7
-4
5
11
11
4
4
3
-2
0
0
1
7
6
5
4
-2
-3
0
2
5
6
4
5
2
5
11
7
4
0
1
8
2
-5
-3
-2
-8
-2
5
0
4
3
0
0
-4
-3
-5
-9
-4
0
-4
-4
-5
-8
-9
-7
-5
-7
-7
-6
-9
-6
0
-6
-9
1
2
-3
1
2
0
5
1
0
0
-3
0
1
4
5
0
4
6
-1
4
4
0
0
3
5
7
4
1
3
-1
-1
1
-3
-1
1
0
4
3
1
3
9
12
5
-1
-3
-12
-9
-2
-8
-10
-4
0
-1
-9
-3
8
1
0
5
4
1
0
-3
-3
-1
1
5
0
-4
1
2
2
-2
-5
-3
0
3
7
3
1
2
0
5
11
4
0
8
5
3
5
-1
-3
0
2
8
1
-2
-2
-6
-5
-3
2
8
0
-2
7
7
2
-1
0
-6
-9
-1
0
4
4
-2
1
3
-1
-5
-5
-1
-9
-6
-2
-14
-10
-7
-9
-3
1
-3
-9
-5
0
-2
0
-1
-9
-5
-3
-11
-16
-3
4
0
0
-5
-2
3
1
4
3
-1
-4
-5
-1
-6
-2
-1
0
7
6
2
4
-1
-7
-3
6
6
9
9
5
3
6
5
4
5
7
10
8
3
4
12
2
-1
7
8
3
7
8
7
6
5
7
6
4
7
5
1
2
0
-3
-6
-7
-1
0
7
4
-3
-2
-2
4
5
0
3
-2
-7
0
-1
1
10
3
4
1
-7
-9
-9
-3
0
-3
1
-4
-6
-1
-4
-6
-9
-6
-6
-10
-4
2
-6
-5
1
1
0
-8
-7
-4
-7
-8
-8
-3
1
-2
-1
8
1
-1
-1
-4
0
1
0
5
7
6
10
3
-7
-4
0
-2
-7
-5
-5
-4
-1
-7
-7
-2
0
3
-1
-3
8
8
4
6
9
1
-7
-12
-10
-1
-1
-1
5
3
-1
1
-1
-4
-1
2
6
7
6
2
4
7
0
-1
0
0
-5
-5
-2
-5
-6
0
-3
-1
5
0
1
7
9
3
0
1
2
5
4
7
6
0
-2
-2
-6
0
3
2
7
4
0
-1
-6
-4
2
1
1
1
-3
0
-2
-4
-4
0
10
3
-4
3
-2
-6
-5
-6
2
3
0
7
9
5
8
3
0
1
-3
-3
-1
5
6
4
2
-1
2
4
0
6
5
3
3
0
3
0
-8
-3
-8
-8
-2
-1
-2
-4
1
1
0
0
-3
-7
-11
-10
-9
-6
-3
0
-2
-11
-4
0
0
6
6
7
7
-2
-6
0
-1
-6
0
-1
-8
-6
-6
-8
-4
1
-1
-1
3
8
4
-1
-1
-6
-12
0
11
9
5
0
0
4
2
8
13
9
8
10
9
7
5
2
-1
-3
-6
-4
-2
-1
-1
2
11
4
0
-1
-2
2
3
-2
-8
-6
-3
3
8
7
5
0
-3
0
0
0
6
2
-3
-1
-4
-6
-3
-1
-3
-4
2
4
-7
-8
-1
0
2
1
1
0
2
2
-7
-6
-5
-9
-6
1
1
-1
0
2
4
10
10
2
-5
-12
-8
-1
0
1
-5
-6
-2
-5
0
6
-1
5
4
0
0
-4
-2
0
0
5
3
-1
0
-2
0
1
-1
-6
-5
3
6
10
11
5
2
8
9
11
10
7
0
-7
-11
-7
1
3
4
4
1
3
-2
-7
-1
-4
-12
-4
-7
-12
-6
-5
-2
1
0
3
-2
-2
6
2
0
-1
-2
0
-1
1
-1
0
0
-1
0
1
7
2
-1
2
-2
-3
0
1
1
-1
0
0
-2
0
5
3
2
6
4
1
6
1
0
5
-1
1
5
0
1
3
4
1
-7
-6
-3
-5
0
10
1
-8
-1
2
-1
0
-3
-5
0
3
-1
0
-2
-7
-1
-10
-13
-1
0
-6
-4
-4
-6
1
-1
-4
8
9
3
2
0
-3
0
5
1
6
10
2
-3
0
-9
-15
-3
0
-1
6
10
7
8
11
7
2
3
0
-1
4
2
0
1
0
-3
0
3
3
6
6
5
2
1
-2
0
2
2
3
5
2
0
-2
-5
-3
-1
-3
0
-3
-16
-13
-6
-8
0
-2
-9
-1
0
-4
-1
-4
-2
1
4
5
-1
-4
1
3
3
5
1
-2
-9
-9
-6
-10
-3
5
-1
-5
-5
-2
0
0
1
-2
-1
3
5
5
1
2
7
1
5
8
-4
-2
2
3
11
9
-1
3
0
-8
-1
0
-9
-5
1
3
1
0
0
0
2
1
-2
2
7
0
-2
0
-2
-1
5
6
8
11
11
1
2
3
1
-1
-3
-2
1
2
2
2
0
1
-3
-8
-2
6
5
0
-1
-3
-4
-3
0
0
1
-3
-2
0
0
3
0
-6
-2
0
1
3
4
-3
-8
-3
-3
-7
-3
1
2
2
-7
-12
-3
-2
-1
3
0
-1
1
5
5
10
11
2
0
-5
-17
-8
7
1
1
6
5
2
1
7
5
-3
-7
-5
-4
-5
-2
2
1
4
3
-5
0
1
-2
0
2
3
7
4
2
3
5
3
2
1
-1
-1
3
-1
-2
-3
-4
1
5
3
4
7
-4
-7
0
-1
-2
0
-4
-3
-1
-10
-7
-1
-4
-1
-2
-4
-6
-7
-1
1
3
-1
-8
-8
-1
4
1
-5
-6
-5
-4
-5
-7
-5
0
4
10
8
7
9
-2
-7
1
5
5
3
4
13
12
1
-2
1
-4
-2
-5
-9
2
3
-2
3
10
4
2
-3
-3
2
-3
-5
1
0
0
3
-2
-6
1
6
-1
2
15
5
-5
1
-3
-2
3
0
-1
2
0
-2
-2
-1
4
3
-9
-5
8
-1
-1
0
-9
0
4
-9
-12
4
5
0
6
0
-8
-4
2
3
5
1
0
4
3
0
0
-2
-6
1
6
4
5
-1
-5
-1
-5
-2
4
0
-2
4
1
-5
0
-1
0
4
3
-3
0
0
-9
-8
3
7
7
3
-5
-5
0
0
-6
-1
0
-7
-6
-3
0
3
-1
1
2
-1
2
4
-3
5
9
-5
-4
4
3
8
8
1
-2
-1
-4
-2
0
3
1
-2
1
4
1
2
-5
-9
-3
-3
-1
0
9
14
0
0
4
-6
-4
0
-2
-2
-3
-14
-16
-3
5
0
0
1
1
2
4
-2
-1
6
-4
-6
1
-2
-4
0
0
8
1
-7
4
8
2
4
2
0
3
3
6
9
4
-3
-8
-7
-6
0
4
-3
-3
2
3
0
1
1
1
-4
-8
0
1
-7
-1
2
0
5
0
-10
-3
0
-4
-6
-5
-9
-4
0
1
7
-3
-15
-6
0
1
2
2
-1
-1
11
6
-6
0
4
6
8
5
0
1
3
7
10
10
5
1
5
2
4
5
-4
-4
4
6
2
-1
1
7
7
1
7
6
-1
0
-3
-2
3
-3
-1
7
0
-11
-10
-9
-6
-2
0
5
1
2
4
-1
-4
-6
-1
-8
-8
6
3
-6
-7
-3
-2
-6
-3
-1
-5
-3
0
1
4
4
0
-6
-5
-2
-6
-6
-2
-2
6
9
0
1
3
0
-7
-6
0
3
8
2
0
0
0
-3
-3
0
-1
-2
0
-3
-1
0
0
-5
-5
0
-1
-8
-6
2
0
-4
2
1
0
6
-1
0
6
3
1
2
-1
-3
-7
-1
1
-4
-3
-1
-3
0
2
2
2
-3
5
8
2
2
4
9
7
-2
-1
0
9
7
0
10
13
-1
1
7
3
-1
0
4
-4
-8
4
2
-6
-6
-2
3
2
1
6
7
1
-8
-14
-11
-8
-4
-5
-6
1
6
10
11
2
1
1
4
5
-1
-6
-5
-1
1
0
-2
0
-4
-11
-5
-1
1
4
7
13
14
5
1
-3
-4
0
2
-1
-3
0
1
-2
-3
0
3
3
7
6
0
0
5
3
1
1
0
0
4
4
1
4
2
0
4
4
1
3
-1
-5
1
-1
-8
-5
-6
0
2
0
0
-3
2
9
5
0
-8
-7
-4
-7
-10
-8
-3
-4
-11
-13
-13
-12
-2
6
11
4
3
6
7
3
1
0
0
-8
-5
3
-1
-7
-5
0
3
-1
-4
0
-7
-9
-1
2
7
8
3
-1
4
1
-7
0
3
-8
-2
5
-2
-7
0
1
-1
1
2
-3
-3
1
0
-5
-6
1
0
4
11
-2
-4
2
0
-4
-2
-1
-1
-2
2
-4
-10
-2
5
5
-4
-4
1
1
3
4
5
11
11
5
1
6
2
-3
11
4
-5
3
1
1
5
1
3
6
5
5
11
6
-2
0
-1
0
0
-3
5
4
1
-1
-5
1
7
2
6
0
-2
-1
-4
-5
-9
-11
-6
-1
-3
-3
-5
-2
0
0
-1
-6
-9
-4
-6
-8
-6
-10
-8
-8
-9
-1
-1
-2
-2
1
7
6
6
1
-3
-3
-3
-7
-4
3
-2
-2
0
0
2
1
0
4
4
7
4
-3
-1
-2
1
2
-6
3
0
-2
0
0
11
11
4
5
8
3
-1
-1
2
3
-2
0
7
4
4
5
-4
0
13
9
5
2
2
5
3
3
7
6
6
0
1
7
9
5
5
9
10
10
9
5
8
10
8
8
6
3
0
2
1
0
7
6
0
0
5
-4
-12
-6
-6
0
2
-5
-10
-14
-13
-3
-8
-8
0
-3
-5
1
1
-6
-8
-4
-8
-12
-8
-9
-11
-10
-9
-3
-5
-6
-8
-5
0
-8
-11
-5
-4
-2
-3
0
0
-2
1
4
0
-1
2
1
-2
0
4
6
9
2
-4
-1
-4
-5
-3
-1
-4
-8
-4
-3
-6
-13
-16
-10
-8
-16
-21
-18
-18
-25
-21
-19
-24
-23
-23
-21
-21
-26
-25
-19
-19
-26
-15
-8
-12
-7
-8
-4
-2
-7
-1
6
8
0
1
8
6
6
8
16
26
27
26
26
29
32
31
34
33
36
38
39
35
31
31
39
34
33
35
30
31
28
25
31
29
34
31
21
25
18
12
18
14
16
15
14
14
14
23
20
18
20
17
19
21
23
34
31
26
29
33
38
38
39
41
41
36
38
41
35
33
38
33
31
28
17
19
18
16
11
6
1
-8
-13
-12
-15
-17
-22
-26
-33
-36
-41
-46
-51
-59
-56
-58
-67
-67
-73
-78
-88
-87
-87
-92
-93
-92
-88
-87
-93
-93
-93
-97
-92
-87
-87
-88
-87
-87
-88
-82
-73
-67
-67
-62
-59
-56
-53
-56
-58
-48
-43
-41
-33
-33
-36
-25
-18
-24
-19
-9
-8
0
4
0
10
15
16
26
32
34
36
34
36
39
39
46
51
48
44
46
49
46
44
43
39
39
39
36
36
34
31
32
26
18
24
22
22
29
19
16
36
39
33
48
62
62
63
73
93
112
108
113
138
145
156
165
166
175
176
196
196
205
216
225
226
236
226
226
225
216
206
196
196
176
165
145
138
127
97
78
67
37
9
-7
-26
-49
-83
-109
-118
-139
-166
-187
-197
-217
-236
-247
-246
-257
-267
-267
-276
-277
-266
-267
-257
-247
-247
-237
-207
-206
-207
-186
-165
-155
-145
-128
-113
-98
-98
-82
-62
-62
-63
-50
-51
-50
-46
-44
-38
-40
-48
-53
-54
-52
-67
-72
-67
-72
-72
-72
-77
-82
-92
-97
-87
-92
-97
-102
-92
-87
-93
-87
-82
-78
-71
-67
-62
-58
-55
-55
-52
-43
-33
-29
-20
-15
-6
2
3
12
16
18
24
18
26
32
20
32
39
40
51
49
40
46
48
44
54
63
72
88
103
119
134
146
186
206
226
257
277
312
352
373
392
433
453
473
493
493
534
554
553
554
553
553
553
533
513
492
493
472
432
391
372
331
296
245
195
165
112
50
13
-36
-89
-129
-177
-217
-257
-298
-332
-373
-394
-434
-454
-453
-494
-514
-515
-535
-534
-554
-554
-534
-534
-515
-493
-474
-453
-432
-414
-393
-352
-331
-297
-256
-236
-216
-185
-145
-123
-103
-62
-24
-9
14
39
52
73
83
93
113
119
118
128
123
123
118
103
97
88
83
68
44
26
9
-6
-17
-34
-56
-67
-82
-107
-118
-133
-138
-133
-144
-145
-145
-155
-145
-155
-165
-145
-138
-138
-128
-122
-113
-98
-92
-93
-78
-61
-55
-36
-8
-3
3
23
33
42
54
52
54
63
56
73
78
62
60
63
56
54
46
43
42
34
23
9
1
-4
-13
-20
-20
-32
-38
-33
-28
-17
2
26
51
72
99
146
176
207
236
297
353
413
453
493
534
574
594
645
644
685
725
726
726
725
725
726
724
684
683
644
614
553
512
492
432
371
331
255
185
126
61
-11
-79
-140
-207
-268
-313
-373
-434
-474
-535
-575
-616
-646
-686
-685
-727
-727
-726
-766
-767
-767
-726
-725
-685
-685
-645
-594
-554
-534
-472
-413
-373
-331
-276
-226
-175
-137
-93
-41
-7
27
68
88
109
139
146
156
167
175
185
186
176
167
156
133
113
88
63
36
8
-15
-46
-78
-98
-123
-156
-175
-195
-216
-236
-236
-256
-267
-257
-256
-256
-246
-246
-236
-216
-205
-196
-175
-165
-155
-133
-117
-97
-82
-66
-50
-30
-4
16
34
55
68
68
78
83
94
94
88
73
63
59
47
28
15
-5
-25
-37
-58
-77
-81
-91
-108
-103
-97
-77
-41
-20
4
33
73
156
207
257
332
393
454
534
594
685
766
846
887
927
968
1048
1089
1088
1129
1128
1128
1128
1088
1088
1047
1007
926
885
805
724
683
593
512
410
330
234
144
49
-48
-130
-218
-313
-395
-496
-576
-647
-728
-768
-848
-889
-929
-969
-968
-1008
-1008
-1009
-1008
-968
-968
-928
-887
-846
-806
-766
-684
-645
-574
-494
-453
-392
-332
-256
-206
-156
-107
-62
-14
24
54
88
118
145
166
176
176
176
187
176
166
146
128
113
83
52
23
-2
-25
-55
-87
-118
-146
-176
-206
-236
-246
-265
-276
-286
-311
-311
-296
-297
-285
-276
-265
-245
-225
-215
-196
-185
-154
-127
-107
-92
-62
-30
-20
-13
-2
7
18
37
44
36
27
24
27
30
22
7
-6
-16
-33
-42
-67
-106
-122
-127
-164
-184
-205
-226
-236
-236
-245
-255
-235
-205
-145
-87
-43
-5
47
146
258
354
454
555
645
766
888
968
1089
1210
1311
1392
1391
1472
1552
1552
1552
1551
1551
1551
1470
1471
1390
1308
1207
1126
1005
885
803
682
552
430
284
143
15
-110
-239
-355
-476
-597
-728
-808
-889
-969
-1051
-1131
-1171
-1251
-1312
-1312
-1312
-1311
-1312
-1250
-1210
-1210
-1170
-1089
-1007
-927
-846
-766
-725
-644
-513
-412
-332
-256
-196
-128
-50
19
73
118
156
186
217
237
236
256
257
246
246
206
186
167
146
123
63
3
-28
-58
-93
-137
-207
-246
-256
-286
-312
-351
-372
-372
-372
-372
-372
-392
-392
-372
-371
-352
-331
-311
-266
-235
-225
-205
-185
-155
-122
-86
-61
-55
-43
-20
6
31
47
47
57
68
63
64
54
34
34
32
2
-40
-81
-112
-133
-144
-195
-266
-296
-311
-331
-352
-371
-392
-392
-392
-371
-372
-310
-205
-96
-6
53
104
239
454
646
767
848
969
1170
1312
1472
1552
1634
1795
1874
1876
1956
1954
2035
2036
2035
1874
1793
1712
1711
1631
1469
1308
1167
1005
844
683
511
369
213
27
-168
-355
-476
-597
-728
-890
-1010
-1131
-1253
-1313
-1393
-1393
-1474
-1473
-1554
-1473
-1472
-1392
-1392
-1311
-1311
-1210
-1129
-1008
-927
-806
-685
-594
-513
-433
-312
-216
-118
-58
-9
49
93
146
186
206
216
217
197
186
176
166
146
92
13
-41
-67
-93
-145
-205
-267
-312
-332
-372
-413
-433
-453
-473
-493
-513
-534
-494
-473
-452
-452
-452
-432
-372
-331
-312
-296
-266
-226
-175
-144
-132
-112
-71
-38
-32
-37
-16
12
17
1
-25
-37
-22
-7
-23
-49
-62
-92
-111
-106
-121
-154
-184
-225
-245
-276
-285
-312
-351
-432
-472
-472
-451
-472
-512
-512
-471
-431
-432
-391
-234
13
188
218
198
375
767
1130
1252
1312
1392
1715
2037
2117
2198
2278
2439
2642
2641
2520
2439
2520
2640
2519
2277
2035
1953
1873
1791
1550
1246
1005
843
641
409
162
-19
-170
-376
-649
-891
-1051
-1132
-1212
-1313
-1474
-1635
-1716
-1716
-1715
-1715
-1715
-1715
-1635
-1554
-1472
-1391
-1250
-1130
-1009
-927
-846
-726
-554
-392
-266
-206
-166
-93
7
97
156
176
186
176
145
132
128
128
92
14
-63
-123
-176
-227
-277
-312
-372
-433
-493
-533
-534
-533
-573
-614
-645
-615
-613
-574
-553
-533
-492
-473
-452
-413
-351
-310
-276
-236
-215
-165
-107
-82
-57
-30
-23
-8
-2
-19
-16
-5
-12
-35
-87
-121
-132
-145
-144
-174
-225
-265
-245
-256
-275
-311
-311
-311
-310
-350
-391
-391
-391
-391
-431
-492
-553
-552
-532
-552
-573
-592
-572
-491
-452
-452
-390
-153
148
355
375
375
617
1090
1474
1634
1635
1796
2199
2521
2642
2641
2642
2803
3125
2964
2801
2802
2801
2800
2640
2437
2114
1953
1791
1711
1469
1125
802
550
349
141
-101
-356
-558
-769
-1011
-1213
-1394
-1475
-1555
-1555
-1636
-1716
-1797
-1796
-1715
-1555
-1474
-1393
-1393
-1311
-1130
-928
-807
-726
-615
-495
-374
-266
-187
-103
3
72
82
41
15
56
117
122
36
-93
-176
-217
-237
-313
-413
-514
-595
-645
-725
-766
-806
-846
-847
-887
-926
-927
-846
-806
-765
-724
-725
-684
-574
-493
-412
-351
-311
-256
-205
-164
-107
-82
-66
-43
-17
16
38
32
9
-32
-57
-81
-106
-122
-155
-185
-235
-311
-351
-371
-371
-371
-391
-431
-432
-432
-411
-390
-371
-330
-311
-330
-330
-330
-310
-284
-351
-392
-410
-431
-451
-491
-532
-492
-450
-431
-471
-471
-214
178
456
516
435
597
1131
1635
1957
2038
2118
2361
2804
3127
3126
3125
3286
3448
3447
3286
3125
2962
2962
2961
2639
2275
1953
1710
1630
1387
1044
681
328
16
-199
-396
-579
-811
-1092
-1313
-1475
-1636
-1717
-1798
-1797
-1716
-1717
-1716
-1716
-1635
-1473
-1171
-1050
-1009
-968
-848
-646
-414
-298
-247
-207
-166
-104
-52
-16
-2
-2
-44
-119
-206
-277
-313
-333
-415
-535
-686
-847
-887
-887
-888
-968
-1049
-1130
-1168
-1169
-1129
-1048
-1007
-967
-926
-846
-765
-644
-532
-412
-311
-256
-195
-132
-48
42
118
139
104
74
69
85
99
57
-24
-87
-126
-144
-195
-265
-331
-351
-392
-432
-453
-472
-472
-492
-492
-491
-452
-391
-351
-310
-285
-245
-204
-153
-111
-54
-11
-4
-27
-55
-71
-96
-174
-285
-391
-431
-471
-572
-683
-723
-723
-724
-763
-804
-571
-194
188
416
395
495
970
1554
2118
2361
2442
2643
2965
3287
3610
3609
3609
3771
3769
3608
3446
3284
3122
2961
2638
2356
1953
1630
1387
1085
801
429
-16
-417
-689
-850
-1011
-1253
-1476
-1717
-1797
-1878
-1878
-1878
-1796
-1635
-1555
-1474
-1393
-1210
-968
-727
-494
-374
-299
-228
-105
52
185
235
205
121
53
19
-10
-73
-177
-313
-454
-575
-687
-808
-928
-1049
-1129
-1250
-1311
-1392
-1472
-1472
-1390
-1391
-1391
-1390
-1310
-1168
-966
-845
-724
-684
-553
-391
-235
-96
1
94
167
187
206
218
228
268
257
187
123
29
-51
-96
-165
-215
-266
-351
-451
-512
-552
-553
-572
-593
-643
-613
-572
-512
-451
-431
-390
-330
-225
-127
-40
-5
25
61
64
84
114
119
125
89
-5
-102
-194
-330
-492
-683
-805
-926
-1006
-1208
-1389
-1470
-1469
-1388
-1388
-1247
-843
-348
149
497
538
889
1556
2281
2966
3289
3451
3772
4094
4417
4578
4417
4415
4415
4252
4092
3769
3445
3122
2800
2436
2033
1548
1084
681
283
-45
-436
-891
-1315
-1556
-1637
-1717
-1798
-2040
-2120
-2039
-1878
-1636
-1393
-1252
-1051
-848
-617
-375
-187
29
235
390
512
492
431
410
411
390
295
106
-125
-354
-555
-687
-848
-1050
-1252
-1473
-1635
-1716
-1796
-1876
-1875
-1956
-1956
-1875
-1795
-1633
-1471
-1250
-1088
-967
-805
-613
-412
-175
3
83
157
247
313
393
433
414
373
312
237
145
51
-52
-155
-287
-392
-493
-593
-684
-765
-805
-845
-805
-805
-764
-723
-643
-573
-491
-390
-284
-163
-61
28
79
110
157
198
248
299
288
228
147
32
-26
-44
-122
-205
-351
-553
-684
-804
-966
-1126
-1308
-1470
-1549
-1630
-1711
-1791
-1872
-1711
-1548
-1387
-1044
-450
190
971
1395
1475
1959
2442
3289
4096
4419
0
0
0
0
0
0
0
4253
4090
3929
3284
2799
2274
1871
1548
1245
721
192
-356
-729
-971
-1213
-1476
-1637
-1798
-1798
-1716
-1635
-1555
-1393
-1212
-849
-537
-259
-13
163
350
531
642
723
763
762
723
612
430
223
-36
-259
-416
-597
-850
-1172
-1555
-1797
-1958
-2119
-2200
-2360
-2441
-2441
-2440
-2360
-2198
-2037
-1794
-1471
-1169
-967
-765
-492
-226
93
298
393
494
514
574
645
615
535
433
313
207
68
-133
-277
-392
-493
-614
-806
-926
-1007
-1007
-1047
-1088
-1128
-1087
-1007
-845
-683
-572
-431
-310
-194
-44
94
198
314
374
415
394
314
258
208
147
114
22
-116
-255
-432
-572
-644
-723
-805
-926
-1046
-1086
-1167
-1207
-1308
-1388
-1469
-1469
-1388
-1308
-1388
-1387
-1306
-1206
-882
-802
-591
219
1213
2121
2362
2040
2200
2967
3774
4579
4741
4579
4578
4578
4577
4416
4092
3769
3769
3446
3122
2638
1871
1306
964
802
682
309
-250
-770
-1092
-1172
-1093
-1092
-1132
-1131
-1011
-808
-688
-597
-395
-158
193
471
572
611
571
592
682
723
683
490
223
23
-159
-355
-597
-931
-1213
-1394
-1636
-1797
-2038
-2281
-2442
-2441
-2361
-2279
-2279
-2199
-2037
-1795
-1471
-1210
-1008
-685
-373
-43
146
196
277
393
514
616
574
434
313
155
31
-59
-206
-331
-494
-685
-765
-887
-1007
-1089
-1129
-1047
-927
-886
-925
-926
-845
-643
-452
-351
-275
-205
-76
64
147
177
177
197
248
268
248
146
0
-116
-215
-285
-370
-533
-643
-724
-765
-805
-885
-925
-925
-844
-764
-723
-723
-722
-723
-683
-571
-511
-530
-642
-722
-642
-642
-763
-883
-964
-843
-681
-681
-509
25
891
1798
2121
1878
1958
2361
3289
4095
4256
4416
4416
4256
4254
4093
3770
3769
3607
3445
3285
2639
2033
1387
923
842
802
571
99
-517
-1011
-1132
-1051
-890
-770
-769
-728
-647
-577
-415
-239
18
330
511
591
571
490
449
430
410
389
263
13
-300
-597
-809
-1011
-1212
-1474
-1716
-1878
-2119
-2199
-2280
-2361
-2360
-2279
-2199
-2037
-1795
-1553
-1310
-1049
-806
-554
-312
-31
217
313
332
332
353
392
353
246
146
21
-133
-312
-514
-645
-766
-846
-927
-1008
-1088
-1168
-1168
-1128
-967
-806
-724
-643
-553
-452
-285
-184
-55
84
128
187
177
113
139
104
55
20
-111
-205
-276
-391
-452
-553
-684
-684
-723
-723
-724
-805
-804
-724
-683
-592
-551
-491
-410
-294
-245
-234
-224
-309
-391
-390
-511
-552
-643
-924
-1045
-1166
-1308
-1205
-1308
-1166
-510
271
1254
1879
1878
1959
2281
2967
4096
4580
4740
4739
4577
4577
4415
4093
3930
3768
3608
3445
2800
2114
1388
722
429
389
283
10
-518
-1133
-1395
-1394
-1213
-890
-728
-597
-376
-239
-50
153
350
683
964
1086
1126
964
763
641
571
429
273
-15
-396
-729
-1052
-1394
-1636
-1959
-2201
-2362
-2442
-2523
-2643
-2642
-2521
-2279
-2118
-1795
-1553
-1250
-887
-614
-352
-138
73
287
493
573
513
433
332
237
186
55
-93
-267
-513
-726
-928
-1129
-1169
-1210
-1249
-1209
-1310
-1309
-1209
-1128
-926
-643
-452
-275
-195
-154
-58
52
168
278
298
257
198
89
-9
-82
-165
-265
-371
-472
-593
-724
-845
-885
-926
-926
-885
-804
-764
-683
-643
-572
-451
-309
-164
-76
-26
61
65
46
46
-85
-234
-350
-571
-642
-763
-1086
-1307
-1550
-1710
-1549
-1548
-1548
-1004
-142
1052
2040
2201
2201
2523
3129
4096
4741
5063
5062
4901
4738
4577
4092
3769
3607
3446
3284
2799
1952
1126
329
-101
-101
-131
-300
-648
-1252
-1556
-1474
-1252
-808
-475
-218
110
310
451
642
803
1044
1307
1388
1387
1206
924
641
389
192
7
-270
-649
-1092
-1556
-1878
-2120
-2362
-2523
-2805
-2805
-2643
-2521
-2441
-2279
-2037
-1714
-1311
-927
-574
-276
-29
175
332
432
513
594
645
554
371
145
-83
-266
-433
-595
-725
-927
-1128
-1310
-1471
-1471
-1471
-1389
-1209
-1088
-967
-804
-684
-553
-331
-154
55
197
227
247
217
218
267
238
178
69
-97
-225
-351
-493
-594
-724
-885
-966
-1006
-1047
-1046
-1046
-965
-844
-683
-512
-391
-274
-173
-76
59
178
269
289
239
178
85
-21
-184
-370
-552
-843
-1046
-1208
-1469
-1630
-1791
-1952
-1872
-1790
-1791
-1205
-328
972
2202
2645
2806
2967
3128
3935
4580
4902
5063
4900
4578
4254
3770
3447
3285
2962
2800
2356
1712
925
56
-537
-648
-556
-475
-597
-970
-1312
-1313
-1091
-597
-95
264
572
803
965
1086
1167
1247
1307
1388
1387
1206
924
550
193
-131
-376
-648
-970
-1394
-1796
-2121
-2362
-2523
-2643
-2804
-2643
-2521
-2279
-1956
-1714
-1553
-1250
-928
-514
-103
156
332
433
454
453
413
372
332
266
122
-88
-373
-645
-847
-967
-1089
-1128
-1210
-1310
-1391
-1389
-1391
-1168
-966
-765
-573
-371
-195
-47
35
129
248
313
354
333
217
135
50
-19
-116
-266
-391
-553
-684
-764
-845
-965
-1006
-1046
-1006
-885
-845
-764
-642
-532
-350
-174
-60
61
168
239
334
354
279
239
168
45
-61
-275
-471
-642
-884
-1127
-1308
-1470
-1550
-1710
-1791
-1791
-1791
-1709
-1628
-1246
-388
890
2202
2968
3128
3128
3290
3934
4580
4902
5063
4900
4577
4255
3609
3286
2802
2518
2437
2195
1631
884
-29
-688
-929
-808
-557
-495
-647
-849
-970
-808
-415
76
552
885
1127
1308
1308
1307
1206
1167
1206
1247
1085
803
429
-33
-376
-689
-1011
-1253
-1555
-1797
-2039
-2361
-2523
-2644
-2643
-2441
-2199
-1956
-1714
-1392
-1129
-928
-725
-433
-62
246
413
494
473
393
331
206
112
23
-123
-313
-534
-806
-1008
-1129
-1209
-1249
-1249
-1249
-1249
-1249
-1168
-1007
-805
-614
-412
-235
-101
18
89
140
227
268
258
238
177
73
-30
-174
-296
-372
-492
-573
-684
-765
-845
-885
-885
-845
-845
-763
-684
-572
-410
-310
-205
-60
53
140
229
269
314
374
334
238
158
27
-106
-285
-472
-532
-643
-804
-1005
-1207
-1308
-1307
-1388
-1469
-1469
-1468
-1387
-1306
-1206
-641
149
1133
2121
2644
2967
3129
3128
3612
4096
4418
4579
4416
4255
3770
3285
2801
2439
2196
2115
1954
1550
1005
329
-259
-496
-496
-299
-115
-168
-288
-395
-436
-229
47
350
684
885
1005
1046
964
885
803
763
763
722
511
234
-149
-517
-809
-1010
-1212
-1394
-1636
-1877
-2039
-2120
-2119
-2200
-2118
-1958
-1714
-1473
-1251
-1089
-887
-726
-554
-352
-146
28
123
103
62
-8
-62
-98
-186
-257
-353
-493
-615
-766
-927
-1007
-1008
-1008
-968
-927
-926
-846
-805
-643
-472
-372
-245
-155
-127
-58
-12
17
60
42
-8
-81
-175
-245
-311
-412
-492
-533
-594
-643
-684
-724
-725
-765
-724
-682
-612
-531
-451
-411
-295
-184
-111
-19
-3
41
121
115
136
90
-47
-91
-195
-275
-274
-411
-532
-683
-925
-925
-965
-1086
-1086
-1167
-1247
-1166
-1125
-1125
-803
-410
316
1314
2040
2442
2644
2644
2967
3289
3772
4095
4256
4094
3770
3448
3126
2802
2438
2357
2196
2034
1631
1126
552
101
-120
-58
53
99
43
-168
-335
-315
-208
40
274
410
592
682
642
641
531
491
551
551
511
370
74
-199
-457
-689
-850
-970
-1172
-1312
-1554
-1636
-1716
-1877
-1877
-1876
-1795
-1634
-1392
-1250
-1129
-1009
-887
-726
-514
-288
-133
-46
-16
-29
-31
-62
-134
-196
-247
-298
-353
-493
-645
-766
-886
-927
-887
-967
-968
-926
-927
-846
-725
-684
-574
-493
-413
-286
-246
-226
-174
-185
-174
-164
-206
-205
-215
-286
-311
-372
-452
-452
-512
-552
-552
-613
-643
-643
-683
-683
-643
-552
-430
-370
-330
-274
-235
-163
-96
-85
-26
-9
-8
46
-34
-49
-60
-244
-244
-294
-390
-309
-430
-552
-551
-723
-804
-844
-1045
-925
-641
-330
315
849
1213
1636
1798
2119
2522
2804
3288
3449
3610
3609
3610
3286
3125
2963
2802
2640
2518
2277
1953
1550
1207
885
642
552
390
264
143
-65
-149
-229
-314
-239
-148
-19
154
214
224
234
194
243
294
284
329
253
110
-25
-229
-396
-537
-728
-849
-930
-1090
-1171
-1313
-1473
-1555
-1474
-1473
-1392
-1311
-1251
-1130
-1090
-1009
-888
-766
-595
-475
-434
-372
-374
-413
-412
-433
-433
-453
-514
-595
-645
-726
-806
-806
-846
-846
-887
-926
-926
-966
-926
-886
-805
-725
-644
-573
-533
-513
-471
-391
-310
-224
-214
-224
-215
-235
-245
-245
-255
-285
-310
-351
-351
-391
-431
-471
-532
-552
-512
-451
-411
-350
-330
-295
-213
-163
-95
-54
-13
65
110
148
178
147
135
135
125
148
135
59
11
-70
-135
-174
-295
-371
-471
-592
-552
-511
-330
85
355
769
1091
1212
1555
1796
2039
2441
2643
2804
2964
2964
2964
2802
2641
2519
2439
2439
2439
2277
1954
1631
1308
1086
965
884
804
642
430
234
51
-86
-179
-219
-149
-60
4
36
-36
-111
-131
-111
-10
65
75
33
-90
-219
-335
-456
-557
-647
-728
-768
-889
-1010
-1172
-1312
-1392
-1392
-1312
-1312
-1212
-1170
-1210
-1171
-1129
-1089
-968
-847
-766
-686
-686
-685
-686
-644
-644
-573
-554
-574
-575
-574
-644
-685
-725
-765
-765
-806
-805
-805
-845
-845
-805
-805
-724
-684
-644
-593
-532
-472
-411
-351
-351
-350
-310
-274
-214
-175
-184
-164
-164
-174
-164
-184
-194
-204
-234
-245
-244
-255
-255
-254
-244
-164
-106
-56
8
15
70
131
120
218
268
259
334
314
314
395
354
415
435
375
414
395
334
313
208
139
158
104
124
177
187
289
374
474
646
767
888
1049
1170
1311
1473
1634
1714
1795
1795
1875
1874
1955
1956
1955
1954
1874
1713
1632
1471
1389
1248
1167
1046
965
763
592
450
309
233
164
74
20
-76
-148
-179
-249
-259
-259
-279
-239
-218
-239
-269
-335
-354
-375
-415
-436
-476
-537
-596
-647
-687
-769
-807
-849
-889
-969
-1010
-1049
-1049
-1050
-1089
-1089
-1089
-1089
-1089
-1049
-1008
-1008
-968
-927
-887
-846
-805
-805
-765
-765
-765
-725
-725
-684
-684
-644
-685
-644
-644
-684
-684
-683
-684
-644
-643
-643
-644
-643
-643
-613
-572
-532
-471
-430
-391
-330
-311
-285
-224
-193
-144
-85
-70
-70
-91
-96
-65
-44
2
64
100
135
148
125
130
135
140
189
218
249
289
269
289
314
334
394
454
495
535
556
555
575
555
555
596
646
687
767
767
767
767
767
807
887
887
968
1008
1049
1048
1048
1047
1128
1169
1249
1310
1309
1310
1310
1309
1309
1309
1309
1309
1309
1248
1168
1086
1006
925
844
804
764
682
592
470
370
274
163
100
31
-44
-81
-148
-218
-279
-355
-416
-456
-496
-516
-557
-618
-687
-728
-768
-808
-808
-848
-888
-889
-969
-969
-1010
-1050
-1049
-1049
-1050
-1090
-1089
-1130
-1170
-1170
-1209
-1210
-1169
-1169
-1169
-1169
-1169
-1169
-1128
-1087
-1047
-1007
-966
-885
-885
-845
-845
-845
-764
-724
-684
-643
-642
-613
-572
-552
-552
-511
-471
-431
-371
-330
-309
-264
-214
-183
-120
-53
8
61
115
148
169
218
218
269
334
375
476
516
516
576
577
576
647
616
646
687
647
647
616
646
646
645
686
686
687
686
685
726
726
726
726
726
726
725
726
685
726
685
725
725
686
685
685
645
645
645
614
593
533
533
533
513
512
493
433
432
391
391
412
371
352
350
311
285
275
236
244
246
235
215
194
164
96
66
49
-16
-14
-47
-140
-147
-177
-218
-218
-238
-288
-313
-334
-374
-374
-374
-414
-414
-433
-475
-455
-515
-494
-474
-535
-495
-474
-514
-474
-514
-555
-493
-534
-555
-514
-534
-554
-534
-554
-554
-494
-493
-514
-473
-513
-514
-493
-474
-453
-413
-393
-411
-412
-412
-392
-391
-331
-310
-286
-266
-311
-311
-311
-296
-245
-216
-195
-195
-205
-195
-205
-185
-107
-91
-66
-1
-29
-19
29
12
45
99
134
177
207
248
258
289
314
288
333
373
353
373
353
333
353
313
313
333
297
313
373
333
312
373
313
297
332
277
297
372
298
312
353
257
287
332
236
287
332
237
267
247
156
216
216
186
206
196
186
145
139
156
118
138
176
137
113
117
67
36
97
87
54
112
61
23
123
67
-10
87
59
10
102
16
-55
53
-39
-108
21
-29
-78
38
-33
-123
-23
-88
-166
-54
-97
-128
-31
-113
-147
-78
-167
-139
-78
-138
-118
-88
-128
-113
-118
-177
-113
-103
-166
-113
-122
-166
-123
-166
-176
-155
-196
-176
-176
-196
-185
-216
-206
-196
-206
-186
-196
-195
-197
-186
-176
-175
-112
-165
-206
-78
-138
-176
-35
-145
-108
49
-122
-107
51
-62
-33
93
26
8
103
41
-14
113
43
1
156
19
14
187
-23
28
176
-21
88
113
12
166
68
78
156
0
133
114
-31
175
98
5
186
77
53
187
82
59
123
83
82
155
72
-4
156
63
11
197
3
-17
197
-34
-41
128
-88
-44
77
-112
-14
48
-113
26
23
-102
73
44
-87
59
26
-77
62
0
-83
78
13
-10
51
-103
-7
28
-127
14
-12
-108
34
-51
-103
-6
-77
-31
1
-77
0
16
-47
8
17
-16
26
28
-24
54
49
-20
32
15
38
26
-21
113
39
-43
57
-29
-6
49
-53
21
33
-21
72
-10
-18
88
-21
4
41
-23
51
-17
-56
59
-44
-59
55
-49
-47
53
-62
-58
77
-54
-77
98
-59
-56
145
-87
-28
128
-133
24
46
-145
98
48
-92
49
34
-37
11
-15
-67
63
-11
-62
82
-122
-59
108
-138
-31
82
-63
-18
0
-46
-28
-23
-77
-67
52
-41
-117
72
-59
-118
113
-98
-37
197
-123
-26
123
-122
26
78
-78
62
59
-28
51
6
-17
50
-51
-36
102
-16
-39
72
-16
-30
28
-12
-2
1
16
33
-31
-4
41
0
-5
-5
51
67
-39
8
42
-72
-1
16
-97
17
-1
-156
-9
10
-113
-11
-7
-58
8
6
-2
-3
-40
13
31
-23
23
34
29
-13
-49
108
-16
-67
196
-39
-59
197
-102
-48
133
-103
-45
62
-53
-9
49
-62
-31
59
-61
30
92
-93
63
67
-98
98
51
-53
72
13
12
57
-16
38
18
-97
31
48
-118
68
73
-128
88
25
-103
118
-24
-28
146
-39
31
63
-103
15
-5
-77
5
-18
14
-29
-82
41
-56
-87
78
-72
-102
56
-68
-83
3
-62
-21
-2
-53
12
21
-44
2
36
-41
36
113
-72
24
186
-77
-1
186
-9
9
93
34
11
49
57
-16
54
72
22
31
34
88
12
7
57
16
108
31
-34
133
41
-54
138
67
-102
134
103
-127
93
67
-123
68
67
-82
43
92
-46
-39
67
-15
-108
39
-31
-145
78
-41
-133
52
-108
-98
-9
-102
-44
-36
-26
-44
-68
30
-46
-98
-5
33
-68
-63
108
-102
-78
146
-155
-7
133
-108
118
72
-113
54
9
-1
36
16
36
29
56
-36
-14
46
-123
16
62
-166
11
23
-155
-7
-62
-87
59
-93
-78
44
-58
-56
-19
-11
-67
-39
62
-87
-22
92
-112
54
88
-155
113
82
-113
113
8
-18
108
-77
9
77
-73
28
26
-67
5
-5
-36
10
-55
-7
118
-57
-41
166
-25
-98
155
68
-108
146
108
-145
134
88
-175
122
73
-145
92
77
-68
26
36
12
3
4
14
-43
34
5
-63
87
-31
11
166
-77
33
165
-38
49
54
16
128
1
36
88
-67
73
39
-128
49
-10
-67
63
-73
-53
46
-54
-58
-29
-7
-26
-41
8
-68
2
-2
-108
93
-45
-103
146
-67
-62
41
-78
19
-77
-62
98
-87
-67
77
-46
-63
31
4
-48
11
51
-68
6
72
-145
68
146
-196
108
155
-166
108
93
-72
38
34
0
-59
38
31
-93
145
-12
-166
256
-23
-246
247
4
-175
207
-36
-93
177
-88
-97
176
-68
-118
196
-21
-145
133
2
-59
43
4
46
-35
38
67
-122
82
82
-107
67
63
-41
12
93
23
-82
108
93
-93
51
98
13
26
30
59
4
7
78
-3
34
93
-6
46
78
-23
10
56
0
-28
3
-13
-73
-31
-38
-93
-11
-36
-113
-46
-59
-103
-83
-107
-113
-102
-87
-138
-146
-72
-117
-132
-113
-139
-92
-146
-206
-88
-83
-206
-87
-59
-236
-58
-23
-265
-62
29
-246
-72
56
-225
-56
92
-185
-13
119
-155
-26
146
-102
-36
166
-23
34
129
-51
113
98
-53
146
98
44
176
11
98
258
-41
146
312
-31
206
237
-17
313
186
-31
352
216
11
373
146
44
413
39
56
393
5
138
298
41
247
196
26
216
123
38
196
30
43
217
-37
-7
176
-23
-33
107
23
-56
58
8
-73
21
-62
-39
10
-108
-12
-18
-133
-38
-20
-176
-93
49
-166
-176
46
-146
-226
23
-133
-257
45
-113
-267
41
-98
-236
-67
-123
-156
-155
-165
-88
-155
-156
-123
-175
-87
-98
-216
-118
-23
-185
-236
-31
-165
-236
14
-236
-175
124
-333
-133
176
-352
-92
146
-287
-62
93
-205
-55
166
-117
-117
236
-82
-128
278
-46
-82
226
37
-9
63
146
78
-62
236
99
-98
257
62
-20
297
41
6
277
73
-53
166
167
-31
108
177
-2
128
128
16
118
62
63
103
63
46
62
88
-3
78
98
-26
156
73
-44
145
-10
-51
217
-21
-117
313
44
-165
312
0
-138
312
-93
-87
312
-138
-4
286
-155
6
226
-133
-15
146
-103
0
129
-114
-63
118
-67
-123
108
47
-156
18
113
-176
-68
123
-175
-33
145
-217
-77
146
-176
-165
93
-56
-185
15
10
-176
-62
9
-175
-97
36
-166
-118
129
-175
-175
166
-176
-175
145
-155
-146
98
-108
-103
9
-112
-49
18
-92
-39
63
-66
-88
46
-44
-88
0
-20
5
-21
-52
19
3
-33
-41
39
33
-26
21
0
36
3
10
73
-44
98
33
-103
138
-28
-108
92
-38
-45
59
-20
-28
55
9
-62
19
56
-41
-44
29
28
14
-28
28
113
-67
27
216
-67
46
236
-82
57
216
-97
73
196
-87
83
146
-31
41
39
88
38
-67
187
45
-128
145
34
-73
83
10
23
39
-8
55
26
-3
38
-23
-30
77
-56
-82
123
-54
-56
83
-93
15
21
-108
38
14
-87
-14
46
-118
-88
176
-155
-166
312
-186
-216
393
-206
-216
392
-205
-176
353
-166
-176
196
-54
-78
49
-58
0
6
-49
0
-35
73
9
-165
113
68
-186
46
118
-113
-51
133
-36
-87
113
-52
-82
139
-62
-112
138
-31
-166
176
7
-246
196
14
-246
196
-9
-206
145
-1
-166
108
30
-146
108
5
-118
138
-39
-58
92
-67
31
48
-73
41
12
-72
29
36
-62
16
73
-41
-24
78
-48
-43
108
-97
3
176
-165
56
217
-216
16
217
-146
-4
196
-128
-41
237
-113
-108
266
-87
-146
246
-82
-155
217
-54
-196
175
72
-226
58
165
-226
11
166
-256
108
118
-352
217
166
-413
216
186
-393
196
145
-351
176
167
-332
72
257
-257
-25
267
-166
-62
217
-67
-68
196
-67
-108
287
-122
-145
352
-175
-138
332
-132
-103
217
-88
-46
118
-55
16
31
-67
73
-28
-50
123
-113
-13
146
-176
30
123
-156
41
44
-98
26
6
-46
-13
38
-8
-48
88
-21
-73
138
-108
-73
236
-156
-112
236
-108
-113
145
-38
-62
92
-72
-36
186
-138
-55
226
-134
11
129
-67
93
-43
36
134
-122
54
103
-24
-36
47
156
-107
-6
176
-113
19
107
-103
93
62
-175
113
113
-216
41
186
-124
-72
138
-12
-87
77
-3
-11
102
-92
43
138
-166
36
146
-146
11
137
-195
-12
206
-276
29
216
-353
67
128
-257
33
19
-68
-68
-16
68
-156
-34
49
-156
-18
-49
-98
25
-165
-123
107
-145
-197
102
-20
-196
-33
32
-93
-97
-21
2
-23
-122
24
36
-155
78
-40
-93
226
-165
-103
277
-145
-145
236
34
-185
102
165
-108
21
139
-20
10
128
26
-67
215
59
-196
312
57
-246
352
38
-156
267
36
39
59
7
186
-61
2
216
-67
28
155
-59
28
166
-38
-78
267
16
-297
312
138
-393
256
246
-353
103
313
-277
-54
352
-196
-133
392
-113
-246
332
49
-297
206
196
-266
62
266
-187
-18
267
-146
-41
277
-176
-104
246
-145
-128
166
-54
-123
68
-41
-112
103
-87
-146
206
-98
-236
226
-52
-277
166
11
-217
62
-5
-146
14
0
-146
-36
73
-156
-137
138
-117
-236
118
-12
-246
16
73
-227
-93
124
-206
-133
155
-226
-196
186
-195
-287
206
-67
-392
146
34
-413
98
62
-352
68
34
-286
1
73
-236
-107
176
-165
-196
216
-107
-207
216
-56
-186
176
-11
-122
138
-2
-92
98
59
-53
-6
134
20
-156
217
146
-277
216
217
-215
176
103
-83
236
-21
-112
286
48
-216
186
166
-196
46
196
-102
-24
122
-53
93
93
-166
176
176
-256
109
267
-186
29
297
-122
-36
332
-93
-78
413
-108
-97
493
-176
-166
594
-123
-226
513
17
-124
297
78
0
146
166
19
42
246
-47
1
312
-107
-21
333
-93
-89
332
-49
-185
332
-26
-216
332
-78
-176
372
-145
-236
393
-97
-297
393
-51
-312
372
-73
-296
332
-59
-312
216
63
-287
36
123
-216
-13
67
-226
72
15
-312
117
43
-297
17
68
-156
-123
5
-31
-138
-63
-92
-41
-12
-256
18
10
-372
93
21
-413
87
46
-393
54
67
-433
73
166
-514
98
247
-574
62
257
-514
32
247
-473
9
332
-412
-128
372
-246
-227
297
-77
-246
236
29
-312
257
156
-433
196
312
-433
62
332
-312
58
246
-311
138
237
-453
187
372
-554
103
474
-473
-3
413
-332
-21
287
-267
11
298
-313
-18
373
-286
-77
393
-206
-185
372
-46
-256
311
26
-256
297
44
-246
226
82
-156
93
119
-76
-48
236
-26
-206
353
-9
-277
453
-24
-331
453
62
-332
288
166
-236
103
226
-128
21
216
-97
42
206
-103
72
216
-155
63
288
-138
-43
287
-4
-78
166
54
-1
88
-12
59
156
-39
-16
206
14
-43
186
-15
53
176
-98
176
145
-133
226
57
-93
257
-31
-28
247
-118
97
196
-332
226
277
-453
226
246
-414
256
155
-353
206
77
-277
156
77
-267
92
155
-312
-3
236
-312
-108
216
-133
-133
15
10
-88
-146
92
-88
-156
88
-176
-88
83
-227
-68
51
-206
-118
36
-113
-216
21
-15
-312
-34
48
-226
-117
-28
-73
-118
-122
13
-102
-155
-13
-123
-77
-17
-155
-58
23
-127
-156
39
39
-226
-97
186
-128
-226
207
-83
-297
246
-1
-331
227
78
-297
196
145
-312
123
226
-277
41
311
-206
-77
352
-103
-186
312
18
-186
216
77
-107
156
46
-77
176
34
-155
186
133
-206
176
216
-226
165
216
-176
145
138
-62
117
72
3
93
77
-35
67
146
-68
73
108
-72
166
41
-128
216
78
-175
146
216
-146
-33
257
-88
-98
276
-88
-128
267
-108
-72
227
-206
-10
287
-226
-128
297
-10
-207
97
133
-113
-68
145
-42
-155
256
-87
-352
454
-33
-574
554
98
-644
494
146
-614
433
196
-574
311
277
-494
156
287
-287
44
133
-88
8
-17
67
-2
-53
113
-113
3
128
-207
97
113
-216
138
23
-145
196
-103
-155
267
-108
-226
226
26
-206
77
56
-156
39
77
-133
-8
72
-98
-46
93
-128
-107
207
-145
-216
227
-77
-206
118
-44
-72
-11
-112
31
-17
-108
-32
-38
-5
-87
-108
-33
-28
-9
-145
-72
113
-165
-132
146
-156
-138
166
-197
-166
296
-166
-312
373
-67
-373
313
-30
-267
277
-92
-215
287
-77
-196
247
-7
-137
93
31
21
-19
-10
166
24
-112
123
167
-123
-11
257
5
-77
186
128
-38
128
108
-52
267
26
-196
473
48
-276
453
46
-177
332
-26
5
256
-108
118
206
-138
196
98
-133
256
-33
-82
287
-123
34
246
-196
127
146
-236
206
133
-216
155
127
-146
3
127
-2
-123
156
68
-267
196
145
-311
128
156
-217
-1
87
-12
-92
-77
146
-67
-226
176
15
-298
93
78
-276
-2
83
-166
-28
-59
-93
88
-166
-112
146
-156
-88
113
-156
-68
88
-123
-62
-26
-72
39
-146
-88
108
-155
-28
15
-226
113
13
-353
113
197
-373
-83
333
-266
-226
372
-165
-247
276
-108
-196
216
-58
-185
186
-10
-207
176
59
-226
103
128
-195
26
138
-145
-3
147
-128
-39
197
-82
-127
195
41
-155
68
103
-103
33
103
-132
67
47
-133
176
-62
-132
267
-67
-93
206
-40
-16
128
-39
24
108
11
24
31
53
49
8
67
4
30
122
-66
26
176
-138
10
236
-155
-54
236
-103
-77
217
-88
-156
267
-28
-297
226
102
-257
113
92
-118
51
43
-29
-46
43
48
-129
26
63
-118
77
19
-176
123
108
-236
11
206
-216
-88
216
-186
-108
166
-128
-98
62
-98
-88
83
-83
-186
156
-10
-247
129
-28
-118
73
-165
88
36
-287
246
46
-352
206
108
-196
33
0
63
8
-197
205
93
-332
236
216
-372
123
312
-287
-28
266
-133
-51
206
-103
-72
257
-72
-165
256
28
-187
186
108
-186
127
166
-133
83
98
-26
133
-83
34
277
-236
3
413
-257
-41
352
-205
48
186
-247
216
138
-332
216
196
-276
98
166
-146
11
83
-41
-15
8
-17
49
36
-103
33
145
-123
-68
187
-54
-133
128
28
-103
46
40
-19
62
-49
-35
165
-82
-133
206
-23
-155
128
-6
-67
18
-39
28
-44
-68
31
-5
-49
-93
63
41
-196
21
82
-145
-48
44
-63
-98
8
-11
-72
6
-103
-42
103
-196
-119
138
-92
-118
-2
2
3
-123
-53
63
-88
-103
-5
-28
-38
-98
-48
92
-128
-145
118
-103
-103
38
-166
62
30
-312
156
103
-373
138
156
-352
83
104
-206
88
-98
-92
267
-256
-185
393
-206
-246
332
-176
-196
298
-186
-155
277
-156
-127
207
-123
-57
113
-123
63
43
-196
186
123
-297
146
267
-312
29
312
-236
-41
277
-51
-43
54
146
98
-215
226
266
-312
207
312
-206
108
277
-36
-7
236
63
-53
287
45
-104
331
73
-123
246
128
-63
138
127
44
92
43
133
124
-25
156
139
-6
155
48
23
187
-54
15
175
-62
13
108
-17
-13
44
39
-27
-32
-26
58
26
-156
28
82
-83
-15
-83
0
93
-206
-31
145
-216
-24
123
-246
-21
118
-196
-51
-34
-108
54
-176
-127
138
-155
-166
53
-52
-82
-112
-67
68
-93
-166
25
35
-156
-123
54
-56
-112
-11
-108
5
0
-206
93
46
-287
78
156
-266
-63
185
-133
-93
68
-102
24
56
-166
-13
133
-77
-145
118
68
-176
52
118
-98
-23
82
44
-88
-1
128
-68
-3
83
-87
78
93
-145
46
133
-103
2
146
-67
-58
166
-23
-103
156
-1
-72
146
-72
-78
205
-82
-146
216
-36
-196
156
28
-246
31
166
-246
-138
256
-156
-257
226
-35
-297
166
88
-332
14
196
-246
-138
186
-156
-166
145
-195
-102
197
-246
-113
207
-175
-166
156
-23
-226
56
145
-216
-62
236
-155
-93
247
-133
-78
247
-48
-62
156
68
-67
54
197
-68
-34
277
24
-51
216
48
103
187
-139
226
311
-226
207
297
-87
226
138
30
227
28
102
196
0
122
165
36
112
87
26
165
77
-54
176
128
-103
102
156
-31
4
112
82
-28
30
145
28
-82
82
122
-113
-17
138
-28
-63
53
68
-98
-72
145
-103
-176
166
-97
-207
185
-83
-266
156
35
-257
-11
108
-123
-134
98
-23
-196
103
72
-237
17
113
-176
-59
83
-146
-72
118
-167
-155
166
-138
-246
156
-52
-287
88
39
-276
6
73
-227
-46
45
-166
-58
16
-87
-67
-49
-34
-12
-138
-67
88
-166
-88
133
-236
-56
196
-277
-117
217
-156
-176
62
0
-88
-72
57
-36
-138
93
-25
-138
93
-51
-82
83
-88
-59
29
-23
13
-88
10
87
-133
12
87
-107
26
59
-68
51
14
-55
128
6
-112
146
59
-88
108
73
-34
98
51
-15
133
38
-39
146
56
-54
128
72
-26
103
46
53
128
6
54
118
41
-10
77
165
-44
31
256
-6
-36
236
112
-78
108
196
-4
23
87
87
128
-87
59
286
-176
-47
333
-146
-68
257
-113
-24
185
-108
-44
196
-82
-176
226
3
-277
166
83
-288
46
128
-216
-67
77
-73
-63
-83
-28
39
-175
-73
103
-166
-78
67
-156
3
-3
-216
113
-5
-267
133
44
-237
23
21
-77
-19
-155
51
132
-332
-21
267
-277
-103
186
-146
-46
17
-128
67
-13
-187
62
123
-176
-62
237
-92
-156
176
19
-98
-30
87
103
-217
31
277
-206
-51
227
-146
44
118
-206
196
123
-297
237
216
-297
98
267
-156
-38
165
-16
-49
63
29
-38
67
41
-107
133
88
-226
145
176
-237
31
187
-78
-87
62
98
-93
-48
118
-29
-34
-12
23
124
-118
-68
226
-98
-176
247
-39
-196
216
-67
-166
216
-83
-166
176
-1
-186
1
155
-146
-196
257
-59
-313
227
68
-312
57
155
-186
-87
156
-92
-98
133
-133
-82
196
-139
-137
216
-3
-235
113
207
-277
-73
333
-186
-176
277
-67
-156
176
-40
-117
166
-62
-146
196
-51
-177
176
-48
-112
103
-92
16
93
-186
31
176
-186
-29
196
-165
-46
176
-186
-88
206
-118
-155
186
-45
-186
196
31
-246
132
134
-206
-36
146
-34
-156
67
118
-186
10
187
-216
11
195
-226
83
187
-288
113
237
-277
1
267
-123
-113
206
-16
-117
166
6
-103
146
5
-59
108
-13
15
146
-25
-21
156
46
-72
93
98
-58
98
103
-98
103
109
-108
92
118
-63
8
119
24
-72
118
77
-166
118
145
-257
93
236
-266
31
237
-206
46
176
-195
72
186
-216
13
186
-123
-35
50
24
46
-123
53
139
-206
42
186
-257
15
186
-257
73
129
-313
122
133
-277
19
103
-62
-88
-36
113
-77
-165
176
34
-277
107
207
-276
-78
312
-112
-246
247
72
-267
113
145
-216
54
186
-226
-8
297
-216
-103
352
-155
-166
311
-63
-207
227
68
-206
102
166
-133
-5
186
-73
-50
186
-68
-109
216
-24
-206
176
102
-236
-7
215
-117
-113
186
-103
-83
166
-128
-68
128
-83
-67
54
-31
-63
18
-10
-49
-2
-14
-13
-41
-48
49
-72
-98
118
-51
-133
103
-29
-88
29
-30
41
-54
-123
155
-2
-216
117
72
-156
46
44
-83
31
38
-63
-4
98
-43
-55
133
-29
-78
103
-1
15
39
-88
112
62
-216
146
156
-297
83
226
-246
18
166
-165
56
68
-175
123
59
-185
72
68
-73
-21
16
77
-97
-68
206
-113
-176
256
0
-207
137
44
-93
21
-19
31
-20
-63
77
-51
-36
78
-103
30
128
-165
-39
206
-73
-145
167
56
-166
73
122
-122
-23
93
-36
0
14
-48
67
33
-103
43
128
-83
-67
133
18
-62
7
62
43
-117
108
118
-246
186
186
-352
186
227
-332
134
216
-247
41
176
-118
-77
138
39
-196
83
156
-266
83
226
-312
62
247
-246
4
166
-118
-15
83
-30
-43
20
40
-23
-31
41
24
-51
9
78
-28
-41
82
-18
-62
123
-28
-133
185
56
-216
113
175
-176
-44
226
-6
-176
146
139
-196
31
196
-146
-42
165
-78
-62
138
-34
-72
92
-19
-67
36
10
-23
-73
1
72
-88
-59
49
-38
-54
-46
-28
0
-103
-33
39
-146
-16
67
-186
-8
31
-176
38
-36
-166
119
-45
-197
113
36
-206
-7
97
-138
-88
104
-88
-97
118
-88
-122
133
-51
-155
118
7
-226
118
98
-312
83
197
-312
2
216
-196
-59
165
-51
-67
27
47
39
-98
51
123
-155
46
146
-113
21
88
-3
14
2
52
-2
-11
73
-3
33
43
-23
98
23
-28
128
-17
-9
197
-68
-51
247
-34
-51
206
-44
-11
155
-31
43
78
-17
88
39
-7
73
52
15
-5
54
108
-63
-6
196
-68
-103
236
-14
-138
155
41
-53
20
0
107
1
-129
176
61
-176
165
77
-156
118
55
-108
123
12
-112
196
-16
-177
286
4
-257
276
68
-247
156
83
-156
103
72
-166
83
88
-217
68
146
-216
0
139
-123
-73
44
1
-77
-78
48
17
-145
-73
97
-67
-155
56
-53
-108
15
-133
-17
28
-176
-2
13
-156
-21
-23
-98
-29
-83
-41
-9
-166
0
34
-195
21
44
-177
41
6
-166
83
-7
-186
108
63
-176
-9
118
-4
-133
26
133
-73
-87
57
83
-43
-98
145
59
-165
113
98
-146
83
108
-127
51
146
-123
2
176
-128
-41
216
-107
-117
227
15
-138
118
108
-11
-18
-13
176
0
-206
226
93
-206
176
53
-108
138
7
-12
58
-9
83
8
-77
146
77
-176
127
155
-225
155
165
-332
206
246
-393
156
267
-312
123
176
-216
176
62
-186
246
15
-196
257
8
-146
196
-1
-49
88
18
67
-34
5
118
-44
34
67
-26
54
-4
0
87
-78
0
177
-123
-98
247
-78
-176
206
-18
-155
146
-21
-108
107
-29
-41
83
-93
-24
113
-108
-59
155
-73
-108
137
-83
-146
166
-67
-227
133
23
-237
40
33
-165
48
-51
-186
72
-68
-165
9
-97
-59
-7
-186
-58
46
-122
-146
15
-15
-156
-41
-20
-117
-9
-14
-127
-59
62
-88
-176
83
0
-145
36
-62
-32
59
-155
36
62
-206
98
53
-257
123
68
-217
146
17
-176
177
-10
-113
93
-4
33
-36
-33
207
-38
-122
196
72
-127
124
123
-146
138
207
-196
83
256
-102
12
176
51
43
2
82
146
-41
49
156
-33
54
145
-34
77
128
-38
108
102
-83
156
133
-155
146
186
-186
92
186
-145
87
176
-138
24
195
-73
-62
134
-7
-47
72
-17
-3
62
-42
38
43
-117
88
97
-206
41
165
-186
-43
133
-82
-63
43
-31
-58
1
-13
-93
-39
-21
-54
7
-128
-59
132
-207
-108
216
-216
-87
226
-266
-31
257
-312
-28
237
-256
-10
138
-185
22
73
-103
-16
31
5
-72
-21
118
-88
-98
156
-51
-127
128
-14
-112
88
4
-138
63
93
-166
-15
196
-102
-145
186
-4
-165
166
16
-145
146
-44
-103
175
-83
-67
146
-63
-28
48
-34
17
-11
0
39
-67
6
97
-103
-77
176
-78
-176
205
-33
-226
206
-21
-226
196
33
-226
57
138
-145
-113
196
-41
-236
186
9
-267
246
26
-332
266
49
-353
247
49
-277
186
13
-175
138
14
-145
73
92
-175
-20
226
-166
-133
266
-77
-155
216
-14
-166
156
68
-176
82
166
-205
-13
257
-145
-108
226
-41
-92
118
-14
3
98
-62
10
146
-33
-49
119
28
-45
82
41
-63
98
92
-97
36
146
-63
-15
156
-73
-23
267
-145
-137
413
-82
-286
372
51
-257
196
62
-93
113
-19
-6
113
-26
23
68
-9
54
14
-24
62
46
-24
-15
98
-1
-128
155
44
-246
196
124
-312
145
186
-312
77
277
-332
-41
372
-257
-186
352
-107
-216
216
-16
-185
98
83
-196
-38
216
-177
-196
312
-133
-256
352
-155
-236
352
-166
-186
277
-113
-137
113
-11
-56
-21
28
-39
-68
54
-73
-59
129
-133
-128
186
-103
-176
146
-82
-155
88
-72
-113
50
-56
-78
24
-77
-92
8
-43
-72
-14
-41
-31
21
-87
-46
98
-83
-97
108
-31
-63
93
-67
-78
156
-26
-176
118
73
-145
31
56
-53
26
1
-51
19
4
-20
37
-43
-25
123
-62
-82
167
-51
-102
195
-36
-138
237
37
-216
176
166
-206
73
226
-145
12
257
-138
-41
312
-108
-87
296
-103
-62
267
-108
-8
206
-146
7
186
-72
-26
138
31
-78
88
132
-137
23
257
-113
-99
266
-17
-186
196
113
-196
83
196
-186
-9
257
-166
-83
246
-82
-103
156
-3
-46
15
-7
26
-52
-12
77
-128
-33
165
-156
-123
185
-123
-186
186
-54
-257
133
26
-286
67
133
-286
-56
206
-195
-146
207
-118
-186
155
-83
-176
123
0
-185
29
78
-138
-39
98
-83
-57
83
-24
-38
49
-9
-55
56
49
-98
21
67
-88
44
41
-123
68
77
-128
43
129
-103
-26
138
-1
-54
72
88
-54
-26
176
-18
-138
227
84
-237
146
195
-196
3
186
-77
-38
123
2
-72
12
93
23
-98
18
93
-72
-20
72
-23
-33
0
7
-51
-23
68
-98
-63
108
-88
-67
28
-38
-5
-41
1
20
-88
-2
26
-41
-21
-31
13
5
-108
0
112
-128
-112
166
-59
-112
118
-46
-29
54
-93
78
77
-177
43
186
-113
-82
186
7
-146
146
108
-176
83
186
-166
-6
257
-83
-139
206
38
-176
176
138
-237
98
266
-206
-41
276
-98
-123
257
21
-207
175
146
-236
82
247
-217
-57
267
-112
-138
236
-10
-227
166
108
-207
56
118
-138
-23
99
-25
-97
12
62
-93
-77
83
-36
-146
47
54
-156
-18
93
-176
-72
146
-117
-122
87
-36
-104
29
-4
-114
-3
51
-92
-47
58
-63
-72
46
-28
-88
26
5
-77
-23
31
0
-68
-6
29
-62
20
48
-68
29
46
-67
56
43
-83
83
72
-83
78
92
-62
54
72
-51
78
103
-88
21
177
-26
-83
176
56
-155
145
133
-196
93
165
-176
24
155
-82
-3
77
-40
19
56
-8
-4
-7
26
26
-33
46
21
-82
45
82
-87
-46
93
-33
-88
93
14
-118
40
67
-67
-34
55
-17
-88
41
68
-103
-49
72
-78
-62
87
-82
-103
128
-5
-155
58
82
-117
-47
118
-23
-88
124
2
-146
123
102
-166
3
175
-118
-97
206
-10
-156
138
83
-156
51
138
-118
-5
156
-62
-36
88
1
-31
-13
62
-33
-93
138
-25
-165
165
17
-205
138
72
-206
97
93
-186
87
123
-165
21
123
-63
-41
53
50
-41
-30
72
-28
-28
67
-46
-30
56
-5
-26
-10
9
0
-26
0
0
-20
-28
-14
-8
-42
-8
-2
-54
-16
31
-11
-63
-9
34
-21
-43
1
46
-32
-48
103
-31
-98
166
-67
-186
247
-8
-276
206
92
-277
118
166
-196
-11
146
-73
-73
78
31
-88
-3
83
-46
-62
58
4
-58
34
26
-50
12
53
-14
-7
44
9
3
39
-1
35
77
-39
-5
117
-7
-58
98
51
-45
31
53
14
-13
16
48
-26
2
62
-13
-14
27
20
-4
-11
19
17
2
13
17
-4
2
38
-21
-22
68
-20
-59
56
23
-46
-12
63
23
-88
31
82
-92
12
107
-113
-20
145
-123
-77
176
-98
-128
186
-33
-206
133
93
-216
6
176
-145
-108
166
-46
-146
72
11
-93
9
31
-40
-62
44
31
-133
6
97
-123
-54
114
-44
-97
47
37
-73
-21
68
-13
-67
34
34
-41
-5
4
-10
10
-41
-12
33
-56
-43
21
-5
-32
-31
0
-11
-33
10
-18
-33
44
0
-41
31
3
-36
23
29
-25
-5
46
1
-33
39
36
-41
3
59
-9
-13
31
-2
-6
11
0
7
7
7
9
-6
7
29
-7
-10
26
-12
-18
38
1
-17
44
18
-33
23
43
-28
2
48
-2
-7
5
-5
8
-10
-10
14
-13
-16
20
6
-12
21
9
-26
24
23
-28
15
18
-22
13
28
-16
-29
4
11
-9
-9
-16
7
11
-36
4
26
-46
-16
31
-38
-28
26
-31
-21
25
-26
-26
12
-26
-26
23
5
-28
-2
23
-8
-29
23
13
-34
21
26
-21
11
11
-13
1
11
6
-8
14
16
-34
-5
39
-33
-31
62
0
-43
56
14
-43
34
26
-28
12
35
-6
-2
9
-9
-1
0
-7
2
-7
0
10
-9
-1
6
-21
-14
19
-10
-28
23
-2
-41
-1
-4
-12
-7
-21
9
4
-36
-5
15
-14
-19
9
3
-19
-4
-1
-16
-16
-8
0
-4
-9
4
-1
-17
3
2
-30
-8
26
-21
-21
36
-12
-36
36
6
-39
23
33
-30
-14
53
5
-46
24
42
-24
5
41
-9
-14
28
0
-23
18
20
-14
-4
17
-7
-12
31
21
-8
23
26
1
14
21
7
3
21
18
1
4
10
12
-5
-15
19
17
-33
-9
35
-14
-39
36
13
-39
38
27
-34
29
23
-30
10
26
-11
4
39
12
0
32
24
0
5
15
18
2
-6
8
12
-5
2
18
-9
-13
18
-8
-26
-3
-7
-8
-8
-15
2
5
-12
-7
5
-11
-28
-9
-5
-17
-5
-10
-1
19
-14
-20
11
-15
-21
20
5
-8
-2
-9
0
0
-7
0
-4
-5
-5
-9
-6
2
8
5
5
14
2
-8
6
5
0
12
18
9
7
24
6
-17
12
0
-19
5
0
-1
9
-2
9
14
0
1
13
10
5
16
10
2
19
17
14
16
9
17
8
-5
12
18
2
6
15
3
-4
5
-2
0
18
3
0
8
-3
-2
4
6
-1
-3
14
2
-8
11
6
4
10
-1
1
3
-1
1
6
12
7
-3
12
17
-3
0
4
-2
9
3
-6
-1
-5
0
2
-1
0
-9
-5
0
-2
5
1
2
7
-4
-9
-1
-3
-5
0
-2
-5
15
5
-12
1
-11
-18
-5
-17
-15
-4
0
-2
-12
-3
1
-12
-10
-1
-6
-18
-1
-2
-24
-3
2
-12
0
1
-16
-12
-2
-4
-12
-1
11
2
-4
0
-1
-8
-5
11
3
-12
4
6
-9
-2
3
-4
-10
-6
0
-6
-8
6
3
-9
-5
-1
-5
2
9
-2
-3
7
0
-7
0
7
7
7
1
-2
4
9
4
2
7
-1
2
17
-7
-10
21
8
-6
10
8
0
8
0
0
21
10
-2
11
13
11
24
16
3
10
10
4
16
20
9
1
5
15
8
7
17
5
4
10
7
2
-2
8
24
21
17
16
5
0
10
14
10
15
15
10
10
0
9
18
2
2
7
3
0
-2
-6
-4
2
-9
-18
4
-2
-26
-8
-3
-23
-6
1
-21
-10
3
-15
-21
-1
-9
-36
-19
-6
-28
-17
-7
-28
-26
-17
-26
-11
-9
-26
-29
-36
-41
-39
-36
-36
-31
-31
-40
-31
-28
-41
-26
-25
-48
-34
-30
-46
-31
-28
-38
-28
-34
-38
-28
-33
-34
-26
-31
-39
-36
-26
-31
-38
-31
-33
-38
-33
-32
-31
-28
-25
-20
-16
-17
-19
-26
-26
-21
-15
-20
-16
-5
-17
-17
4
-6
-20
0
-2
-14
2
4
-10
6
16
3
5
16
21
15
19
28
26
27
20
24
31
29
41
36
21
38
39
33
44
49
44
31
37
33
36
53
44
39
51
43
43
56
49
54
62
49
46
67
49
34
56
50
28
46
56
33
41
51
39
41
49
31
23
36
24
14
30
17
5
18
15
13
23
21
9
10
12
-1
-1
6
-5
0
7
-10
-9
-2
-14
-11
8
1
-19
-14
-17
-20
-8
-13
-19
-19
-24
-23
-17
-10
-11
-11
-21
-21
-16
-36
-31
-19
-18
-12
-20
-17
-21
-29
-13
-17
-15
-6
-14
-18
-20
-9
-7
-19
-2
-4
-19
-18
-8
-6
-6
3
-3
-7
2
-8
0
13
5
5
0
7
13
-5
-4
0
-3
-2
-10
-11
-15
-16
-9
-12
-12
-13
-30
-18
-4
-21
-16
-3
-15
-24
-13
-13
-25
-8
1
-23
-16
-6
-28
-26
-15
-26
-28
-19
-23
-28
-26
-23
-15
-9
-19
-28
-18
-13
-21
-2
7
-5
0
-3
-4
-5
-5
5
0
-5
4
3
1
8
12
9
4
9
5
6
19
10
7
23
17
13
23
20
11
17
19
21
30
26
18
26
21
14
19
19
29
29
26
29
24
22
26
20
18
26
21
16
28
34
20
15
21
18
12
19
20
13
21
29
15
18
28
16
4
13
16
13
14
13
10
16
13
5
11
10
4
4
7
5
3
14
18
9
0
2
5
-8
-2
7
-3
-1
5
2
-5
-9
-3
-8
-9
6
0
-9
1
-9
-10
-7
-20
-14
-8
-18
-16
-7
-9
-14
-5
-3
-19
-11
2
-8
-8
-3
-10
-11
-8
-5
-3
-6
-6
0
0
0
3
-3
5
9
-6
3
10
1
4
12
5
3
14
11
0
4
-4
-12
5
3
-4
8
0
-3
9
3
-2
2
-4
-12
-9
0
1
-4
-4
1
-6
-8
-1
-2
2
8
4
-4
-1
10
2
-4
8
-1
-10
3
-1
-4
0
-8
-9
-4
-7
-15
-9
0
-7
-4
4
-5
-12
-5
-3
-2
-3
-13
-7
-3
-9
-7
2
4
-7
-4
-3
-12
-4
6
-1
-9
-3
-6
-15
-18
-17
-8
-8
-6
0
-9
-10
-1
-3
-4
-4
0
-4
-8
-5
-3
0
2
-4
-9
-5
-8
-3
-10
-13
-7
-5
-4
-8
-13
-10
-7
-12
-15
-7
-12
-15
-6
-8
-11
-17
-15
-10
-15
-12
-7
-18
-14
-7
-13
-13
-13
-14
-8
-11
-14
-5
-13
-16
-7
-21
-16
-4
-17
-9
-3
-9
0
7
1
0
6
3
-1
0
4
8
10
6
3
-3
2
7
0
2
8
3
4
2
7
7
0
7
6
7
16
9
11
8
-7
3
5
5
16
10
14
26
10
6
19
8
4
9
7
16
8
4
14
8
11
19
5
8
17
5
6
19
15
10
7
10
12
3
3
3
7
7
3
3
4
6
2
1
10
16
4
-1
11
4
-8
2
-1
-5
7
1
-3
8
4
-5
0
5
2
-1
0
5
1
6
6
1
5
2
-3
8
9
-3
-8
-9
-14
-4
-1
-4
1
1
-5
-4
0
5
3
1
6
3
0
1
-6
-8
-7
-2
3
0
2
9
8
0
4
4
1
0
-9
-1
9
2
5
5
1
6
3
4
2
2
10
3
0
5
3
2
1
3
9
10
7
7
3
-1
-2
1
-6
-8
-9
-7
8
7
-4
-2
-2
2
0
-9
-1
1
-1
1
-4
1
3
-8
-13
-5
-2
1
-3
-7
0
-3
-8
-4
-6
-11
-8
0
1
-4
-6
-6
-8
-8
-5
-4
-11
-9
-3
-1
1
-5
1
2
-9
-6
-4
-12
-2
-1
-8
-2
-4
1
6
0
-4
-6
-11
-6
-5
-7
-10
-8
-1
-2
-1
1
-7
-12
-2
-3
-5
-2
-6
-7
-7
-6
1
4
-1
-1
-4
-8
2
-1
-6
-1
-6
-5
-1
-6
3
13
0
-2
3
-6
-5
-1
1
3
4
9
5
1
12
7
5
11
7
5
7
2
3
8
1
-2
-1
2
2
6
1
-2
1
-1
-3
-4
-5
-1
0
0
3
4
-2
-8
3
8
-6
-4
-1
-7
-1
-4
-4
11
11
4
4
0
-4
-5
-3
-1
2
1
2
2
4
11
4
3
15
7
4
9
3
2
2
0
11
6
-3
0
1
4
9
6
3
8
9
6
4
8
14
9
0
8
11
9
8
1
6
11
7
6
6
3
6
3
7
11
0
0
11
8
1
-4
-7
-7
-9
-8
-10
-11
-5
-6
-9
-4
-2
-1
-3
-5
-6
-7
-7
-10
-9
-8
-10
-12
-7
-3
-2
4
0
-1
2
-3
-4
5
4
-2
-4
0
-5
-6
-7
-13
-5
-7
-13
-6
-2
-6
-5
-2
-8
-3
-3
-7
-5
-6
-4
1
0
-5
-10
-6
-5
-9
-12
-5
1
-2
0
1
-1
-2
-4
3
2
-9
-4
0
-6
-10
-2
4
-3
-4
-1
0
-5
-5
1
-5
-6
-4
-6
-1
2
0
-1
-2
-2
-5
-4
-5
-1
-2
-7
2
7
4
6
8
10
9
13
17
2
0
3
-2
-8
-1
3
1
7
5
-1
4
1
-5
1
2
0
6
1
-2
-1
-9
-12
-5
-3
-4
-2
10
12
3
2
5
3
0
2
5
3
5
3
-3
0
1
-3
-9
-9
0
2
1
9
10
5
7
0
-11
-2
-1
-10
-2
2
-1
6
0
-1
7
-2
-6
6
6
3
11
17
15
7
7
10
1
1
4
-3
0
4
-3
1
3
-4
0
8
4
0
6
6
0
-2
-1
-1
1
0
0
4
-4
-7
-3
-10
-6
0
-5
6
8
-4
0
9
3
5
6
5
-1
-6
-2
-3
-4
2
2
4
7
-1
-7
-3
-2
-4
4
11
4
2
4
1
1
-1
4
3
0
9
10
0
1
0
0
11
3
0
7
-3
-8
0
-6
-7
-2
-9
-15
-16
-15
-6
-9
-8
-6
-11
-4
-2
-5
0
9
5
1
-2
-5
0
-1
0
7
0
0
2
-2
2
6
-5
-6
3
5
1
3
4
-1
0
7
1
1
6
-4
-8
-2
-1
5
7
2
5
1
-4
-9
-6
0
0
2
8
0
-4
4
0
-7
0
-1
-5
2
4
2
9
13
5
0
2
-1
1
1
0
2
6
6
0
-1
3
5
3
0
0
4
-1
2
3
0
10
16
6
8
10
2
1
-5
-9
-3
-1
-1
4
7
7
7
-1
1
2
-4
-9
-3
-1
0
1
0
-1
-2
-3
-4
-2
-2
-1
1
2
3
8
5
2
0
0
3
0
1
-5
-4
2
-8
-8
4
-2
-4
3
5
2
0
-2
-4
-2
-4
-11
-13
-8
-5
-10
-4
0
-3
-1
-3
-3
1
2
0
0
4
-1
-9
-5
0
-2
-4
-7
2
6
-2
-3
-2
1
9
6
6
15
9
-1
-5
-3
-2
0
-5
-8
-4
1
0
-2
5
7
6
10
1
-6
3
2
-10
-2
11
6
-1
-2
-6
-8
-6
-4
-2
4
9
2
0
4
0
0
5
2
0
-6
-16
-4
-3
-7
-2
-5
4
7
0
0
-6
-4
6
3
-1
0
0
1
0
-7
-7
0
-1
-4
-5
-1
-1
-1
6
12
7
8
10
9
8
0
-4
-7
-2
1
-6
-5
0
3
6
11
10
0
0
1
-5
-1
-2
-5
0
0
-4
-7
-4
-6
-6
-3
1
12
9
4
4
0
0
5
1
4
5
4
4
-3
-6
-7
-2
3
4
12
11
7
8
3
0
-4
0
0
-5
2
-1
-7
1
-1
0
3
-5
-5
0
-6
-13
-4
0
-2
-1
-2
-1
-1
-6
-5
-5
-6
-3
-3
-1
-4
-6
-4
-7
-5
8
7
2
6
7
4
0
1
-2
-2
-1
0
5
9
2
-2
7
10
7
5
1
-3
0
1
1
2
1
7
-1
-8
-3
-8
-7
-5
-2
1
3
3
0
-2
-7
-13
-6
-3
0
-1
-7
-3
-1
-1
-3
-5
1
8
5
1
3
-5
-10
-7
0
1
-3
0
10
2
-1
1
-1
5
2
-8
-1
3
4
3
-4
0
2
0
2
-5
-4
6
3
-2
-5
0
2
0
6
4
-1
-4
-3
-2
-1
2
4
1
3
2
4
9
10
9
5
5
7
0
0
0
-1
3
7
5
11
13
2
3
3
0
0
0
0
0
2
3
2
4
3
0
0
-1
-1
4
1
-6
-5
0
5
-1
-3
1
2
0
5
4
-2
-5
-8
-3
-1
0
-5
-7
-1
-3
-7
-7
-2
2
-1
-8
-10
-8
-6
-3
-4
-7
-3
1
1
-8
-12
-8
-3
-8
-2
8
7
8
5
1
-1
-3
-6
-4
0
-2
-1
3
0
-6
0
1
-1
1
0
-4
-5
-3
-5
1
-1
-2
0
0
-5
-4
1
-4
-3
5
6
3
1
1
-2
1
3
0
5
6
3
-2
-3
4
3
0
3
5
2
-2
5
13
-2
-2
8
0
-1
6
5
7
6
3
5
8
1
3
8
6
8
6
3
-5
0
6
-1
1
8
0
1
2
5
3
-7
-8
-2
-3
-6
0
3
-2
-2
4
0
0
1
-1
3
1
-1
-1
-4
-2
2
1
6
4
0
0
1
1
-2
-2
6
8
2
2
-4
0
4
-1
-4
-6
-6
-4
-11
-8
-1
-6
-9
-5
-3
0
0
1
-1
-7
2
-2
-8
3
0
-11
0
3
-5
-6
-8
-3
0
-3
4
6
6
2
-2
4
1
-5
2
1
-1
-1
1
-2
4
6
-2
0
-1
-3
5
-3
-2
8
0
-4
-8
-9
-4
-5
-2
2
-4
-7
-4
0
1
0
1
0
1
3
5
5
3
-3
0
8
2
-1
8
3
-6
3
9
-1
-2
4
1
0
7
11
6
8
6
4
3
-5
-5
1
0
-2
0
6
3
-2
1
-3
-5
4
1
-5
0
1
-1
-4
-2
6
0
-7
1
8
0
-2
2
2
0
-3
-6
-3
-2
-1
5
5
-1
-3
0
-2
-4
0
-8
-12
-4
-1
-4
1
6
6
2
0
-1
-2
-7
-2
5
-4
-12
0
1
0
5
1
2
0
-1
4
5
3
1
3
8
-1
0
-2
-5
0
6
6
2
-2
0
-2
-6
-8
-4
0
-5
-11
-1
7
3
3
6
0
1
3
-3
0
2
-5
-3
1
4
6
8
5
2
4
4
-2
1
-2
-2
5
-4
-5
-1
-5
0
8
5
4
1
-1
-2
-1
0
4
4
0
0
-3
-5
1
2
0
0
-5
-8
-3
-3
-3
-3
-5
-3
-2
0
0
-7
-3
1
-6
-4
-1
0
6
5
2
4
3
1
2
4
1
-2
3
3
-5
-2
4
9
2
-5
-1
1
1
6
9
1
2
0
-3
0
1
-1
0
-4
-5
-8
-7
-1
1
4
3
0
-7
-5
-1
1
4
0
-1
0
-2
0
0
0
0
-2
0
4
7
10
4
4
4
1
1
-1
0
10
3
3
4
1
5
-2
-5
6
4
0
-2
-1
5
1
3
1
-1
4
0
0
6
0
-7
-4
-5
-4
-8
-14
-11
-2
0
-3
-7
-5
-1
0
-2
-5
-1
-1
-2
1
8
6
-5
-4
4
-1
2
4
-4
-2
-3
-9
7
11
-1
1
5
-4
-3
-2
-6
0
0
-5
-1
0
3
9
2
0
3
4
0
0
-1
-1
0
0
-3
-2
3
0
-3
0
1
4
0
-3
-1
-4
-1
0
0
-1
-3
0
2
0
5
0
-5
-3
-3
0
-1
-1
-3
-1
-3
-4
-7
0
9
1
-1
2
1
3
5
3
2
0
8
9
3
6
1
-1
5
6
9
6
0
4
8
4
0
0
2
-1
-4
-1
-5
-2
1
0
4
0
-10
-2
1
-2
2
0
2
1
0
0
-9
-12
-6
-8
-4
0
0
-2
0
0
-3
-3
-2
-4
2
4
0
8
10
-1
0
3
4
4
-2
-4
0
1
-2
1
-2
-1
0
0
2
1
2
2
4
9
-2
-12
-2
0
-1
2
0
2
9
5
2
3
0
-2
0
0
-6
-5
-4
-9
-6
0
-4
-6
-6
-2
0
0
-2
-3
-2
-2
1
1
-3
-4
4
5
0
4
1
-1
5
12
10
7
4
0
-2
0
0
0
3
1
4
1
-5
-9
-10
-9
-6
-3
1
8
1
4
6
2
3
0
-8
-4
-11
-7
5
-3
-2
5
-2
-4
-3
-5
0
4
-1
-4
4
6
-3
1
0
1
3
6
7
4
6
2
-5
-2
-3
-4
0
7
7
6
8
2
-1
0
-1
1
5
4
9
8
3
-1
-4
0
8
6
3
0
0
5
4
1
-4
-11
-7
-2
-1
-3
-1
0
0
0
-5
-13
-11
-7
0
-4
-5
1
0
-6
0
1
3
0
-2
0
-1
-2
-2
-2
-2
0
-2
-2
6
-1
-4
1
3
0
-5
0
6
4
5
0
0
4
-3
0
4
-5
-1
0
-7
-3
0
-4
-5
-3
2
5
2
5
7
5
0
-1
3
0
-3
0
1
2
6
6
6
0
-9
-3
5
-2
-6
-1
0
6
5
0
-3
-5
1
0
-1
2
0
0
-1
-10
-8
0
5
2
-1
6
9
-1
-2
3
-1
-7
-2
0
0
0
8
7
3
7
3
0
3
1
1
-5
-4
4
1
-3
3
-1
-1
-3
-1
8
4
1
3
0
-2
0
-2
-1
2
3
0
-1
-2
-2
0
-6
-9
0
0
-4
-5
8
3
-2
1
-1
0
3
-1
-2
-6
4
3
-4
-2
-1
-1
3
0
-2
-4
-6
0
0
-3
-2
0
3
4
2
-2
-3
0
5
0
0
5
5
0
0
3
0
1
1
-5
0
5
2
7
10
7
3
-2
0
5
0
-1
0
-3
-6
0
0
0
-4
-5
1
3
0
0
0
2
4
-3
-9
-8
-3
1
0
0
-2
1
-1
-3
-5
-2
0
2
-1
-4
-7
0
4
2
1
-6
-3
3
-3
-1
0
0
6
0
-2
-1
-11
-6
1
3
1
0
8
13
6
0
-5
-2
4
3
0
3
4
2
3
1
3
7
0
0
4
3
1
0
0
-3
-5
-4
-4
2
3
2
9
7
1
-1
-1
-5
-1
0
-5
-5
-2
-3
-6
-7
-10
0
1
-4
-4
0
2
0
0
2
3
1
0
3
2
-6
-2
1
-3
-5
-6
1
4
-5
-3
5
12
11
3
0
3
3
9
6
-6
-5
4
13
7
-7
-2
-4
-4
0
-4
-5
2
7
2
-9
-5
0
-4
-3
-4
0
1
-2
1
0
-7
-5
-2
-5
-2
3
6
8
0
-12
-6
0
4
10
4
3
7
5
3
-1
-2
1
-2
-1
4
8
6
0
-3
-7
0
11
10
5
-1
-1
0
-3
-1
0
2
2
-4
-4
-8
-7
4
2
-5
0
1
-3
1
6
5
-2
-8
-2
3
2
2
6
0
-2
-6
-4
4
3
0
-3
-14
-9
-3
0
-3
-6
1
1
-2
3
-4
-5
-3
0
-1
-2
9
11
1
-5
-11
-5
0
2
0
0
8
1
2
8
4
3
0
-1
0
0
0
1
-1
-8
-11
0
4
-8
-6
0
0
0
-3
-3
-3
-4
-3
1
0
-1
8
11
5
0
-2
1
8
1
-4
-5
-2
5
11
6
4
3
5
4
1
4
2
4
10
5
-5
-7
1
4
0
-2
0
1
3
6
2
3
6
1
-2
1
2
4
0
-11
-6
0
0
6
9
0
-9
-3
3
1
-4
-6
1
1
-4
-6
-6
-8
-3
4
2
1